911 1345
2 64 64 
1 64 

2 1 39 103 1073 XOR
1 1 62 459 INV
1 1 126 460 INV
1 1 61 464 INV
1 1 125 465 INV
1 1 60 472 INV
1 1 124 473 INV
1 1 59 477 INV
1 1 123 478 INV
1 1 58 488 INV
1 1 122 489 INV
1 1 57 493 INV
1 1 121 494 INV
1 1 56 501 INV
1 1 120 502 INV
1 1 55 506 INV
1 1 119 507 INV
2 1 16 80 1179 XOR
1 1 1179 1180 INV
1 1 54 520 INV
1 1 118 521 INV
1 1 53 525 INV
1 1 117 526 INV
1 1 52 533 INV
1 1 116 534 INV
1 1 51 538 INV
1 1 115 539 INV
2 1 17 81 1177 XOR
1 1 1177 1178 INV
1 1 50 549 INV
1 1 114 550 INV
1 1 49 554 INV
1 1 113 555 INV
1 1 48 562 INV
1 1 112 563 INV
1 1 1073 1074 INV
1 1 47 567 INV
1 1 111 568 INV
1 1 46 584 INV
1 1 110 585 INV
1 1 45 589 INV
1 1 109 590 INV
2 1 18 82 1172 XOR
1 1 1172 1173 INV
1 1 44 597 INV
1 1 108 598 INV
2 1 19 83 1170 XOR
1 1 1170 1171 INV
1 1 43 602 INV
1 1 107 603 INV
1 1 42 613 INV
1 1 106 614 INV
1 1 41 618 INV
1 1 105 619 INV
1 1 40 626 INV
1 1 104 627 INV
1 1 39 631 INV
1 1 103 632 INV
1 1 38 645 INV
1 1 102 646 INV
1 1 37 650 INV
1 1 101 651 INV
1 1 36 658 INV
2 1 20 84 1162 XOR
1 1 1162 1163 INV
1 1 100 659 INV
1 1 35 663 INV
1 1 99 664 INV
2 1 21 85 1160 XOR
1 1 1160 1161 INV
2 1 32 96 1099 XOR
1 1 1099 1100 INV
1 1 34 674 INV
1 1 98 675 INV
1 1 33 679 INV
1 1 97 680 INV
1 1 32 687 INV
2 1 43 107 1053 XOR
1 1 1053 1054 INV
1 1 96 688 INV
2 1 33 97 1097 XOR
1 1 1097 1098 INV
1 1 31 692 INV
1 1 95 693 INV
1 1 30 712 INV
1 1 94 713 INV
1 1 29 717 INV
1 1 93 718 INV
2 1 0 0 1280 XOR
1 1 1280 1279 INV
1 1 1279 1325 INV
1 1 1279 1343 INV
1 1 1279 1324 INV
1 1 1279 1334 INV
1 1 1279 1323 INV
1 1 1279 1322 INV
1 1 1279 1321 INV
1 1 1279 1320 INV
1 1 1279 1342 INV
1 1 1279 1319 INV
1 1 1279 1341 INV
1 1 1279 1318 INV
1 1 1279 1333 INV
1 1 1279 1317 INV
1 1 1279 1316 INV
1 1 1279 1315 INV
1 1 1279 1314 INV
1 1 1279 1313 INV
1 1 1279 1332 INV
1 1 1279 1312 INV
1 1 1279 1311 INV
1 1 1279 1310 INV
1 1 1279 1309 INV
1 1 1279 1308 INV
1 1 1279 1340 INV
1 1 1279 1307 INV
1 1 1279 1331 INV
1 1 1279 1306 INV
1 1 1279 1305 INV
1 1 1279 1304 INV
1 1 1279 1303 INV
1 1 1279 1339 INV
1 1 1279 1302 INV
1 1 1279 1301 INV
1 1 1279 1330 INV
1 1 1279 1300 INV
1 1 1279 1299 INV
1 1 1279 1298 INV
1 1 1279 1297 INV
1 1 1279 1296 INV
1 1 1279 1329 INV
1 1 1279 1338 INV
1 1 1279 1295 INV
1 1 1279 1294 INV
1 1 1279 1328 INV
1 1 1279 1293 INV
1 1 1279 1337 INV
1 1 1279 1292 INV
1 1 1279 1336 INV
1 1 1279 1291 INV
1 1 1279 1290 INV
1 1 1279 1289 INV
1 1 1279 1288 INV
1 1 1279 1287 INV
1 1 1279 1286 INV
1 1 1279 1285 INV
1 1 1279 1327 INV
1 1 1279 1284 INV
1 1 1279 1283 INV
1 1 1279 1282 INV
1 1 1279 1344 INV
1 1 1279 1335 INV
1 1 1279 1326 INV
2 1 22 86 1155 XOR
1 1 1155 1156 INV
1 1 28 725 INV
1 1 92 726 INV
2 1 23 87 1153 XOR
1 1 1153 1154 INV
1 1 27 730 INV
1 1 91 731 INV
1 1 26 741 INV
1 1 90 742 INV
2 1 44 108 1045 XOR
1 1 25 746 INV
1 1 89 747 INV
1 1 24 754 INV
1 1 88 755 INV
2 1 34 98 1092 XOR
1 1 1092 1093 INV
1 1 23 759 INV
1 1 87 760 INV
2 1 12 76 1202 XOR
1 1 22 773 INV
1 1 86 774 INV
1 1 21 778 INV
1 1 85 779 INV
2 1 35 99 1090 XOR
1 1 1090 1091 INV
1 1 20 786 INV
1 1 84 787 INV
2 1 15 79 1193 XOR
1 1 19 791 INV
1 1 83 792 INV
2 1 24 88 1142 XOR
1 1 1142 1143 INV
1 1 18 802 INV
1 1 82 803 INV
2 1 0 64 1256 XOR
1 1 1256 1257 INV
1 1 17 807 INV
1 1 81 808 INV
1 1 16 815 INV
2 1 1 65 1254 XOR
1 1 1254 1255 INV
2 1 25 89 1140 XOR
1 1 1140 1141 INV
2 1 40 104 1062 XOR
1 1 1062 1063 INV
1 1 80 816 INV
1 1 15 820 INV
1 1 79 821 INV
2 1 41 105 1060 XOR
1 1 1060 1061 INV
1 1 14 837 INV
2 1 2 66 1249 XOR
1 1 1249 1250 INV
1 1 78 838 INV
2 1 3 67 1247 XOR
1 1 1247 1248 INV
1 1 13 842 INV
1 1 77 843 INV
1 1 1193 1194 INV
1 1 12 850 INV
1 1 76 851 INV
2 1 26 90 1135 XOR
1 1 1135 1136 INV
1 1 11 855 INV
1 1 75 856 INV
2 1 27 91 1133 XOR
1 1 1133 1134 INV
1 1 10 866 INV
1 1 74 867 INV
2 1 4 68 1239 XOR
1 1 1239 1240 INV
1 1 9 871 INV
1 1 73 872 INV
2 1 5 69 1237 XOR
1 1 1237 1238 INV
1 1 8 879 INV
2 1 13 77 1200 XOR
1 1 72 880 INV
1 1 7 884 INV
1 1 71 885 INV
2 1 6 70 1232 XOR
1 1 1232 1233 INV
2 1 36 100 1082 XOR
1 1 1082 1083 INV
1 1 6 898 INV
1 1 70 899 INV
2 1 7 71 1230 XOR
1 1 1230 1231 INV
1 1 5 903 INV
1 1 69 904 INV
2 1 14 78 1195 XOR
1 1 4 911 INV
1 1 68 912 INV
2 1 28 92 1125 XOR
1 1 1125 1126 INV
1 1 3 916 INV
1 1 67 917 INV
2 1 29 93 1123 XOR
1 1 1123 1124 INV
2 1 37 101 1080 XOR
1 1 1080 1081 INV
1 1 2 927 INV
1 1 66 928 INV
1 1 1 932 INV
1 1 65 933 INV
2 1 8 72 1219 XOR
1 1 1219 1220 INV
1 1 0 940 INV
1 1 64 941 INV
2 1 9 73 1217 XOR
1 1 1217 1218 INV
1 1 1195 1196 INV
1 1 1202 1203 INV
2 1 45 109 1043 XOR
1 1 1043 1044 INV
1 1 1200 1201 INV
1 1 1045 1046 INV
2 1 63 127 959 XOR
1 1 959 960 INV
2 1 62 126 961 XOR
1 1 961 962 INV
2 1 61 125 966 XOR
1 1 966 967 INV
2 1 60 124 968 XOR
1 1 968 969 INV
2 1 59 123 976 XOR
1 1 976 977 INV
2 1 58 122 978 XOR
1 1 978 979 INV
2 1 10 74 1212 XOR
1 1 1212 1213 INV
2 1 57 121 983 XOR
1 1 983 984 INV
2 1 56 120 985 XOR
1 1 985 986 INV
2 1 30 94 1118 XOR
1 1 1118 1119 INV
2 1 55 119 996 XOR
1 1 996 997 INV
2 1 54 118 998 XOR
1 1 998 999 INV
2 1 11 75 1210 XOR
1 1 1210 1211 INV
2 1 53 117 1003 XOR
1 1 1003 1004 INV
2 1 52 116 1005 XOR
1 1 1005 1006 INV
2 1 51 115 1013 XOR
1 1 1013 1014 INV
2 1 50 114 1015 XOR
1 1 1015 1016 INV
2 1 49 113 1020 XOR
1 1 1020 1021 INV
2 1 48 112 1022 XOR
1 1 1022 1023 INV
2 1 31 95 1116 XOR
1 1 1116 1117 INV
2 1 38 102 1075 XOR
1 1 1075 1076 INV
2 1 42 106 1055 XOR
1 1 1055 1056 INV
2 1 47 111 1036 XOR
1 1 1036 1037 INV
2 1 46 110 1038 XOR
1 1 1038 1039 INV
314 157 60 52 54 58 56 124 122 120 116 118 459 464 472 477 488 493 501 506 520 525 533 538 549 550 549 554 562 563 562 567 584 585 584 589 597 598 597 602 613 614 613 618 626 627 626 631 645 646 645 650 658 659 658 663 674 675 674 679 687 688 687 692 712 713 712 717 725 726 725 730 741 742 741 746 754 755 754 759 773 774 773 778 786 787 786 791 802 803 1255 802 807 815 816 815 820 1248 837 838 837 842 850 851 850 855 866 1238 867 866 871 879 880 879 1231 884 898 899 898 903 911 912 911 916 927 928 927 1218 932 940 941 940 960 967 1211 977 984 997 1004 1014 1021 1037 1044 1054 1201 1061 1074 1081 1091 1098 1117 1194 1124 1134 1141 1154 1161 1171 1178 61 53 55 59 57 125 123 121 117 119 460 465 473 478 489 494 502 507 521 526 534 539 538 539 550 555 554 555 563 568 567 568 585 590 589 590 598 603 602 603 614 619 618 619 627 632 631 632 646 651 650 651 659 664 663 664 675 680 679 680 688 693 692 693 713 718 717 718 726 731 730 731 742 747 746 747 755 760 759 760 774 779 778 779 787 792 791 792 1257 803 808 807 808 816 821 1250 820 821 838 843 842 843 851 856 855 1240 856 867 872 871 872 880 1233 885 884 885 899 904 903 904 912 917 916 917 928 1220 933 932 933 941 962 969 1213 979 986 999 1006 1016 1023 1039 1046 1056 1203 1063 1076 1083 1093 1100 1119 1196 1126 1136 1143 1156 1163 1173 1180 280 282 283 285 286 444 446 447 449 450 461 466 474 479 490 495 503 508 522 527 535 540 128 292 551 556 131 295 564 569 137 301 586 591 140 304 599 604 146 310 615 620 149 313 628 633 158 322 647 652 161 325 660 665 167 331 676 681 170 334 689 694 185 349 714 719 188 352 727 732 194 358 743 748 197 361 756 761 206 370 775 780 209 373 788 793 215 379 1258 804 809 218 382 817 822 1251 230 394 839 844 233 397 852 857 239 1241 403 868 873 242 406 881 1234 886 251 415 900 905 254 418 913 918 260 424 929 1221 934 263 427 942 963 970 1214 980 987 1000 1007 1017 1024 1040 1047 1057 1204 1064 1077 1084 1094 1101 1120 1197 1127 1137 1144 1157 1164 1174 1181 MAND
1 1 676 677 INV
1 1 677 678 INV
1 1 681 682 INV
1 1 682 683 INV
1 1 170 171 INV
1 1 171 172 INV
1 1 1157 1158 INV
1 1 1158 1159 INV
1 1 564 565 INV
1 1 334 335 INV
1 1 335 336 INV
1 1 565 566 INV
1 1 689 690 INV
1 1 690 691 INV
1 1 474 475 INV
1 1 475 476 INV
1 1 694 695 INV
1 1 695 696 INV
1 1 1064 1065 INV
1 1 1065 1066 INV
1 1 522 523 INV
1 1 185 186 INV
1 1 186 187 INV
1 1 523 524 INV
1 1 569 570 INV
1 1 349 350 INV
1 1 350 351 INV
1 1 527 528 INV
1 1 714 715 INV
1 1 715 716 INV
1 1 570 571 INV
1 1 719 720 INV
1 1 720 721 INV
1 1 188 189 INV
1 1 189 190 INV
1 1 352 353 INV
1 1 353 354 INV
1 1 727 728 INV
1 1 728 729 INV
1 1 732 733 INV
1 1 733 734 INV
1 1 1094 1095 INV
1 1 1095 1096 INV
1 1 194 195 INV
1 1 195 196 INV
1 1 358 359 INV
1 1 359 360 INV
1 1 743 744 INV
1 1 744 745 INV
1 1 137 138 INV
1 1 748 749 INV
1 1 749 750 INV
1 1 138 139 INV
1 1 197 198 INV
1 1 198 199 INV
1 1 301 302 INV
1 1 361 362 INV
1 1 362 363 INV
1 1 756 757 INV
1 1 757 758 INV
1 1 302 303 INV
1 1 761 762 INV
1 1 762 763 INV
1 1 586 587 INV
1 1 587 588 INV
1 1 206 207 INV
1 1 207 208 INV
1 1 370 371 INV
1 1 371 372 INV
1 1 775 776 INV
1 1 776 777 INV
1 1 479 480 INV
1 1 591 592 INV
1 1 592 593 INV
1 1 780 781 INV
1 1 781 782 INV
1 1 480 481 INV
1 1 209 210 INV
1 1 210 211 INV
1 1 1144 1145 INV
1 1 1145 1146 INV
1 1 373 374 INV
1 1 374 375 INV
1 1 788 789 INV
1 1 789 790 INV
1 1 793 794 INV
1 1 794 795 INV
1 1 140 141 INV
1 1 141 142 INV
1 1 1258 1259 INV
1 1 1259 1260 INV
1 1 215 216 INV
1 1 216 217 INV
1 1 379 380 INV
1 1 380 381 INV
1 1 804 805 INV
1 1 805 806 INV
1 1 461 462 INV
1 1 304 305 INV
1 1 809 810 INV
1 1 810 811 INV
1 1 128 129 INV
1 1 305 306 INV
1 1 218 219 INV
1 1 219 220 INV
1 1 599 600 INV
1 1 600 601 INV
1 1 382 383 INV
1 1 383 384 INV
1 1 1251 1252 INV
1 1 1252 1253 INV
1 1 817 818 INV
1 1 818 819 INV
1 1 331 332 INV
1 1 332 333 INV
1 1 129 130 INV
1 1 822 823 INV
1 1 823 824 INV
1 1 1137 1138 INV
1 1 1138 1139 INV
1 1 604 605 INV
1 1 605 606 INV
1 1 230 231 INV
1 1 231 232 INV
1 1 394 395 INV
1 1 395 396 INV
1 1 839 840 INV
1 1 840 841 INV
1 1 1181 1182 INV
1 1 462 463 INV
1 1 844 845 INV
1 1 845 846 INV
1 1 146 147 INV
1 1 147 148 INV
1 1 233 234 INV
1 1 234 235 INV
1 1 310 311 INV
1 1 292 293 INV
1 1 293 294 INV
1 1 397 398 INV
1 1 398 399 INV
1 1 852 853 INV
1 1 853 854 INV
1 1 311 312 INV
1 1 528 529 INV
1 1 1241 1242 INV
1 1 1242 1243 INV
1 1 857 858 INV
1 1 858 859 INV
1 1 615 616 INV
1 1 616 617 INV
1 1 1084 1085 INV
1 1 1085 1086 INV
1 1 490 491 INV
1 1 620 621 INV
1 1 239 240 INV
1 1 240 241 INV
1 1 491 492 INV
1 1 551 552 INV
1 1 403 404 INV
1 1 404 405 INV
1 1 868 869 INV
1 1 869 870 INV
1 1 621 622 INV
1 1 873 874 INV
1 1 874 875 INV
1 1 242 243 INV
1 1 243 244 INV
1 1 552 553 INV
1 1 149 150 INV
1 1 1234 1235 INV
1 1 1235 1236 INV
1 1 406 407 INV
1 1 407 408 INV
1 1 881 882 INV
1 1 882 883 INV
1 1 150 151 INV
1 1 886 887 INV
1 1 887 888 INV
1 1 1127 1128 INV
1 1 1128 1129 INV
1 1 1101 1102 INV
1 1 1102 1103 INV
1 1 313 314 INV
1 1 251 252 INV
1 1 252 253 INV
1 1 415 416 INV
1 1 416 417 INV
1 1 900 901 INV
1 1 901 902 INV
1 1 314 315 INV
1 1 1164 1165 INV
1 1 1165 1166 INV
1 1 905 906 INV
1 1 906 907 INV
1 1 254 255 INV
1 1 255 256 INV
1 1 1197 1198 INV
1 1 1198 1199 INV
1 1 418 419 INV
1 1 419 420 INV
1 1 913 914 INV
1 1 914 915 INV
1 1 535 536 INV
1 1 628 629 INV
1 1 556 557 INV
1 1 557 558 INV
1 1 918 919 INV
1 1 919 920 INV
1 1 629 630 INV
1 1 495 496 INV
1 1 633 634 INV
1 1 260 261 INV
1 1 261 262 INV
1 1 634 635 INV
1 1 1221 1222 INV
1 1 1222 1223 INV
1 1 424 425 INV
1 1 425 426 INV
1 1 929 930 INV
1 1 930 931 INV
1 1 934 935 INV
1 1 935 936 INV
1 1 263 264 INV
1 1 264 265 INV
1 1 1120 1121 INV
1 1 1121 1122 INV
1 1 1057 1058 INV
1 1 1058 1059 INV
1 1 1047 1048 INV
1 1 1048 1049 INV
1 1 158 159 INV
1 1 427 428 INV
1 1 428 429 INV
1 1 1077 1078 INV
1 1 1078 1079 INV
1 1 496 497 INV
1 1 1204 1205 INV
1 1 1040 1041 INV
1 1 540 541 INV
1 1 541 542 INV
1 1 942 943 INV
1 1 943 944 INV
1 1 159 160 INV
1 1 1041 1042 INV
1 1 1205 1206 INV
1 1 322 323 INV
1 1 323 324 INV
1 1 1214 1215 INV
1 1 1215 1216 INV
1 1 963 964 INV
1 1 964 965 INV
1 1 647 648 INV
1 1 648 649 INV
1 1 970 971 INV
1 1 971 972 INV
1 1 536 537 INV
1 1 652 653 INV
1 1 653 654 INV
1 1 466 467 INV
1 1 467 468 INV
1 1 980 981 INV
1 1 981 982 INV
1 1 131 132 INV
1 1 132 133 INV
1 1 161 162 INV
1 1 162 163 INV
1 1 987 988 INV
1 1 988 989 INV
1 1 503 504 INV
1 1 1174 1175 INV
1 1 1175 1176 INV
1 1 325 326 INV
1 1 326 327 INV
1 1 1000 1001 INV
1 1 1001 1002 INV
1 1 660 661 INV
1 1 1007 1008 INV
1 1 1008 1009 INV
1 1 508 509 INV
1 1 509 510 INV
1 1 661 662 INV
1 1 504 505 INV
1 1 1017 1018 INV
1 1 1018 1019 INV
1 1 665 666 INV
1 1 666 667 INV
1 1 295 296 INV
1 1 296 297 INV
1 1 1024 1025 INV
1 1 1025 1026 INV
1 1 1182 1183 INV
1 1 167 168 INV
1 1 168 169 INV
158 79 280 282 285 444 446 449 1176 463 476 492 505 524 537 553 130 294 566 588 139 303 601 617 148 1159 312 630 649 160 324 662 678 169 333 691 716 187 351 729 745 196 360 758 777 1139 208 372 1253 790 806 217 381 819 841 232 1236 396 854 870 241 405 1122 883 902 253 417 1216 915 931 262 426 965 982 1002 1199 1019 1042 1059 1079 1096 62 283 286 126 447 450 1183 468 481 497 510 529 542 558 133 297 571 593 142 306 606 622 151 1166 315 635 654 163 327 667 683 172 336 696 721 190 354 734 750 199 363 763 782 1146 211 375 1260 795 811 220 384 824 846 235 1243 399 859 875 244 408 1129 888 907 256 420 1223 920 936 265 429 972 989 1009 1206 1026 1049 1066 1086 1103 281 284 287 445 448 451 1184 469 482 498 511 530 543 559 134 298 572 594 143 307 607 623 152 1167 316 636 655 164 328 668 684 173 337 697 722 191 355 735 751 200 364 764 783 1147 212 376 1261 796 812 221 385 825 847 236 1244 400 860 876 245 409 1130 889 908 257 421 1224 921 937 266 430 973 990 1010 1207 1027 1050 1067 1087 1104 MAND
1 1 751 752 INV
1 1 752 753 INV
1 1 847 848 INV
1 1 848 849 INV
1 1 1244 1245 INV
1 1 1245 1246 INV
1 1 697 698 INV
1 1 698 699 INV
1 1 236 237 INV
1 1 237 238 INV
1 1 684 685 INV
1 1 200 201 INV
1 1 201 202 INV
1 1 400 401 INV
1 1 401 402 INV
1 1 364 365 INV
1 1 365 366 INV
1 1 860 861 INV
1 1 861 862 INV
1 1 1104 1105 INV
1 1 1050 1051 INV
1 1 1147 1148 INV
1 1 1148 1149 INV
1 1 764 765 INV
1 1 765 766 INV
1 1 1167 1168 INV
1 1 623 624 INV
1 1 624 625 INV
1 1 876 877 INV
1 1 877 878 INV
1 1 1130 1131 INV
1 1 1131 1132 INV
1 1 245 246 INV
1 1 246 247 INV
1 1 409 410 INV
1 1 410 411 INV
1 1 152 153 INV
1 1 153 154 INV
1 1 889 890 INV
1 1 890 891 INV
1 1 469 470 INV
1 1 470 471 INV
1 1 572 573 INV
1 1 783 784 INV
1 1 784 785 INV
1 1 298 299 INV
1 1 212 213 INV
1 1 316 317 INV
1 1 908 909 INV
1 1 909 910 INV
1 1 317 318 INV
1 1 482 483 INV
1 1 213 214 INV
1 1 594 595 INV
1 1 257 258 INV
1 1 258 259 INV
1 1 1261 1262 INV
1 1 1262 1263 INV
1 1 595 596 INV
1 1 421 422 INV
1 1 422 423 INV
1 1 1224 1225 INV
1 1 1225 1226 INV
1 1 376 377 INV
1 1 377 378 INV
1 1 337 338 INV
1 1 573 574 INV
1 1 722 723 INV
1 1 723 724 INV
1 1 921 922 INV
1 1 922 923 INV
1 1 796 797 INV
1 1 797 798 INV
1 1 338 339 INV
1 1 191 192 INV
1 1 192 193 INV
1 1 636 637 INV
1 1 637 638 INV
1 1 143 144 INV
1 1 483 484 INV
1 1 937 938 INV
1 1 938 939 INV
1 1 144 145 INV
1 1 266 267 INV
1 1 267 268 INV
1 1 355 356 INV
1 1 356 357 INV
1 1 1067 1068 INV
1 1 1068 1069 INV
1 1 430 431 INV
1 1 431 432 INV
1 1 812 813 INV
1 1 813 814 INV
1 1 825 826 INV
1 1 221 222 INV
1 1 222 223 INV
1 1 1087 1088 INV
1 1 1088 1089 INV
1 1 559 560 INV
1 1 560 561 INV
1 1 498 499 INV
1 1 499 500 INV
1 1 385 386 INV
1 1 386 387 INV
1 1 164 165 INV
1 1 973 974 INV
1 1 974 975 INV
1 1 655 656 INV
1 1 656 657 INV
1 1 735 736 INV
1 1 736 737 INV
1 1 1051 1052 INV
1 1 134 135 INV
1 1 1184 1185 INV
1 1 1185 1186 INV
1 1 990 991 INV
1 1 991 992 INV
1 1 165 166 INV
1 1 685 686 INV
1 1 826 827 INV
1 1 328 329 INV
1 1 329 330 INV
1 1 135 136 INV
1 1 307 308 INV
1 1 308 309 INV
1 1 1010 1011 INV
1 1 1011 1012 INV
1 1 1168 1169 INV
1 1 530 531 INV
1 1 531 532 INV
1 1 1207 1208 INV
1 1 1208 1209 INV
1 1 607 608 INV
1 1 608 609 INV
1 1 173 174 INV
1 1 174 175 INV
1 1 668 669 INV
1 1 669 670 INV
1 1 543 544 INV
1 1 544 545 INV
1 1 1027 1028 INV
1 1 1028 1029 INV
1 1 1105 1106 INV
1 1 299 300 INV
1 1 511 512 INV
1 1 512 513 INV
76 38 1169 284 448 471 500 1089 532 561 596 145 309 625 657 166 330 686 724 1132 193 357 753 1246 785 214 378 814 849 238 402 878 1209 910 259 423 939 975 1012 1052 1186 287 451 484 513 1106 545 574 609 154 318 638 670 175 339 699 737 1149 202 366 766 1263 798 223 387 827 862 247 411 891 1226 923 268 432 944 992 1029 1069 1187 288 452 485 514 1107 546 575 610 155 319 639 671 176 340 700 738 1150 203 367 767 1264 799 224 388 828 863 248 412 892 1227 924 269 433 945 993 1030 1070 MAND
1 1 176 177 INV
1 1 1264 1265 INV
1 1 1265 1266 INV
1 1 177 178 INV
1 1 639 640 INV
1 1 269 270 INV
1 1 270 271 INV
1 1 340 341 INV
1 1 892 893 INV
1 1 893 894 INV
1 1 640 641 INV
1 1 341 342 INV
1 1 433 434 INV
1 1 434 435 INV
1 1 1107 1108 INV
1 1 945 946 INV
1 1 946 947 INV
1 1 1108 1109 INV
1 1 224 225 INV
1 1 225 226 INV
1 1 1150 1151 INV
1 1 1151 1152 INV
1 1 767 768 INV
1 1 1227 1228 INV
1 1 1228 1229 INV
1 1 700 701 INV
1 1 701 702 INV
1 1 388 389 INV
1 1 389 390 INV
1 1 367 368 INV
1 1 412 413 INV
1 1 738 739 INV
1 1 739 740 INV
1 1 155 156 INV
1 1 156 157 INV
1 1 768 769 INV
1 1 993 994 INV
1 1 994 995 INV
1 1 863 864 INV
1 1 368 369 INV
1 1 828 829 INV
1 1 829 830 INV
1 1 319 320 INV
1 1 320 321 INV
1 1 864 865 INV
1 1 514 515 INV
1 1 515 516 INV
1 1 248 249 INV
1 1 249 250 INV
1 1 1187 1188 INV
1 1 1188 1189 INV
1 1 1070 1071 INV
1 1 1071 1072 INV
1 1 924 925 INV
1 1 546 547 INV
1 1 575 576 INV
1 1 576 577 INV
1 1 547 548 INV
1 1 925 926 INV
1 1 610 611 INV
1 1 611 612 INV
1 1 413 414 INV
1 1 203 204 INV
1 1 204 205 INV
1 1 671 672 INV
1 1 672 673 INV
1 1 1030 1031 INV
1 1 1031 1032 INV
1 1 799 800 INV
1 1 800 801 INV
1 1 485 486 INV
1 1 486 487 INV
40 20 1072 281 445 487 1152 548 612 157 321 673 740 1229 205 369 801 865 250 414 926 995 1109 288 452 516 1189 577 641 178 342 702 769 1266 226 390 830 894 271 435 947 1032 1110 289 453 517 1190 578 642 179 343 703 770 1267 227 391 831 895 272 436 948 1033 MAND
1 1 517 518 INV
1 1 272 273 INV
1 1 273 274 INV
1 1 703 704 INV
1 1 642 643 INV
1 1 895 896 INV
1 1 179 180 INV
1 1 343 344 INV
1 1 344 345 INV
1 1 643 644 INV
1 1 896 897 INV
1 1 180 181 INV
1 1 227 228 INV
1 1 228 229 INV
1 1 436 437 INV
1 1 437 438 INV
1 1 1267 1268 INV
1 1 770 771 INV
1 1 771 772 INV
1 1 1268 1269 INV
1 1 831 832 INV
1 1 832 833 INV
1 1 578 579 INV
1 1 579 580 INV
1 1 1110 1111 INV
1 1 1111 1112 INV
1 1 948 949 INV
1 1 949 950 INV
1 1 391 392 INV
1 1 392 393 INV
1 1 518 519 INV
1 1 1190 1191 INV
1 1 1191 1192 INV
1 1 1033 1034 INV
1 1 1034 1035 INV
1 1 704 705 INV
20 10 519 1035 136 300 644 1192 772 229 393 897 580 1112 181 345 705 1269 833 274 438 950 581 1113 182 346 706 1270 834 275 439 951 MAND
1 1 275 276 INV
1 1 1270 1271 INV
1 1 346 347 INV
1 1 706 707 INV
1 1 707 708 INV
1 1 581 582 INV
1 1 182 183 INV
1 1 183 184 INV
1 1 439 440 INV
1 1 440 441 INV
1 1 834 835 INV
1 1 835 836 INV
1 1 276 277 INV
1 1 347 348 INV
1 1 951 952 INV
1 1 952 953 INV
1 1 1113 1114 INV
1 1 1114 1115 INV
1 1 1271 1272 INV
1 1 582 583 INV
10 5 583 1115 184 348 836 708 1272 277 441 953 709 1273 278 442 954 MAND
1 1 1273 1274 INV
1 1 709 710 INV
1 1 442 443 INV
1 1 710 711 INV
1 1 954 955 INV
1 1 955 956 INV
1 1 278 279 INV
6 3 279 443 711 289 453 956 290 454 957 MAND
1 1 957 958 INV
1 1 454 455 INV
1 1 290 291 INV
4 2 958 291 1274 455 1275 456 MAND
1 1 456 457 INV
1 1 457 458 INV
1 1 1275 1276 INV
2 1 458 1276 1277 AND
1 1 1277 1278 INV
1 1 1278 1281 INV


