[ 1 2 6 ] 
[ 1 2 13 ] 
[ 1 3 12 ] 
[ 1 3 14 ] 
[ 1 4 5 ] 
[ 1 4 8 ] 
[ 1 5 8 ] 
[ 1 6 13 ] 
[ 1 7 15 ] 
[ 1 7 16 ] 
[ 1 9 10 ] 
[ 1 9 11 ] 
[ 1 10 11 ] 
[ 1 12 14 ] 
[ 1 15 16 ] 
[ 2 3 7 ] 
[ 2 3 9 ] 
[ 2 4 10 ] 
[ 2 4 12 ] 
[ 2 5 11 ] 
[ 2 5 16 ] 
[ 2 6 13 ] 
[ 2 7 9 ] 
[ 2 8 14 ] 
[ 2 8 15 ] 
[ 2 10 12 ] 
[ 2 11 16 ] 
[ 2 14 15 ] 
[ 3 4 6 ] 
[ 3 4 16 ] 
[ 3 5 10 ] 
[ 3 5 15 ] 
[ 3 6 16 ] 
[ 3 7 9 ] 
[ 3 8 11 ] 
[ 3 8 13 ] 
[ 3 10 15 ] 
[ 3 11 13 ] 
[ 3 12 14 ] 
[ 4 5 8 ] 
[ 4 6 16 ] 
[ 4 7 11 ] 
[ 4 7 14 ] 
[ 4 9 13 ] 
[ 4 9 15 ] 
[ 4 10 12 ] 
[ 4 11 14 ] 
[ 4 13 15 ] 
[ 5 6 9 ] 
[ 5 6 14 ] 
[ 5 7 12 ] 
[ 5 7 13 ] 
[ 5 9 14 ] 
[ 5 10 15 ] 
[ 5 11 16 ] 
[ 5 12 13 ] 
[ 6 7 8 ] 
[ 6 7 10 ] 
[ 6 8 10 ] 
[ 6 9 14 ] 
[ 6 11 12 ] 
[ 6 11 15 ] 
[ 6 12 15 ] 
[ 7 8 10 ] 
[ 7 11 14 ] 
[ 7 12 13 ] 
[ 7 15 16 ] 
[ 8 9 12 ] 
[ 8 9 16 ] 
[ 8 11 13 ] 
[ 8 12 16 ] 
[ 8 14 15 ] 
[ 9 10 11 ] 
[ 9 12 16 ] 
[ 9 13 15 ] 
[ 10 13 14 ] 
[ 10 13 16 ] 
[ 10 14 16 ] 
[ 11 12 15 ] 
[ 13 14 16 ] 
