[ 1 2 4 ] 
[ 1 2 19 ] 
[ 1 3 14 ] 
[ 1 3 18 ] 
[ 1 4 19 ] 
[ 1 5 10 ] 
[ 1 5 11 ] 
[ 1 6 7 ] 
[ 1 6 16 ] 
[ 1 7 16 ] 
[ 1 8 15 ] 
[ 1 8 17 ] 
[ 1 9 13 ] 
[ 1 9 15 ] 
[ 1 10 11 ] 
[ 1 12 14 ] 
[ 1 12 20 ] 
[ 1 13 15 ] 
[ 1 14 18 ] 
[ 1 14 20 ] 
[ 1 15 17 ] 
[ 2 3 5 ] 
[ 2 3 12 ] 
[ 2 4 19 ] 
[ 2 5 12 ] 
[ 2 6 15 ] 
[ 2 6 18 ] 
[ 2 7 9 ] 
[ 2 7 20 ] 
[ 2 8 10 ] 
[ 2 8 13 ] 
[ 2 9 20 ] 
[ 2 10 13 ] 
[ 2 10 14 ] 
[ 2 10 16 ] 
[ 2 11 12 ] 
[ 2 11 17 ] 
[ 2 12 17 ] 
[ 2 14 16 ] 
[ 2 15 18 ] 
[ 3 4 10 ] 
[ 3 4 15 ] 
[ 3 5 12 ] 
[ 3 6 13 ] 
[ 3 6 17 ] 
[ 3 6 19 ] 
[ 3 6 20 ] 
[ 3 7 11 ] 
[ 3 7 13 ] 
[ 3 8 9 ] 
[ 3 8 16 ] 
[ 3 9 16 ] 
[ 3 10 15 ] 
[ 3 11 13 ] 
[ 3 13 19 ] 
[ 3 14 18 ] 
[ 3 17 20 ] 
[ 4 5 6 ] 
[ 4 5 8 ] 
[ 4 5 9 ] 
[ 4 5 18 ] 
[ 4 6 8 ] 
[ 4 7 12 ] 
[ 4 7 16 ] 
[ 4 9 18 ] 
[ 4 10 15 ] 
[ 4 11 18 ] 
[ 4 11 20 ] 
[ 4 12 16 ] 
[ 4 13 14 ] 
[ 4 13 17 ] 
[ 4 14 17 ] 
[ 4 18 20 ] 
[ 5 6 8 ] 
[ 5 7 14 ] 
[ 5 7 15 ] 
[ 5 9 17 ] 
[ 5 9 18 ] 
[ 5 9 19 ] 
[ 5 10 11 ] 
[ 5 13 16 ] 
[ 5 13 20 ] 
[ 5 14 15 ] 
[ 5 16 20 ] 
[ 5 17 19 ] 
[ 6 7 16 ] 
[ 6 9 10 ] 
[ 6 9 11 ] 
[ 6 9 12 ] 
[ 6 9 14 ] 
[ 6 10 12 ] 
[ 6 11 14 ] 
[ 6 13 19 ] 
[ 6 15 18 ] 
[ 6 17 20 ] 
[ 7 8 17 ] 
[ 7 8 18 ] 
[ 7 9 20 ] 
[ 7 10 19 ] 
[ 7 10 20 ] 
[ 7 11 13 ] 
[ 7 12 16 ] 
[ 7 14 15 ] 
[ 7 17 18 ] 
[ 7 19 20 ] 
[ 8 9 16 ] 
[ 8 10 13 ] 
[ 8 11 14 ] 
[ 8 11 19 ] 
[ 8 12 15 ] 
[ 8 12 20 ] 
[ 8 14 19 ] 
[ 8 15 17 ] 
[ 8 15 20 ] 
[ 8 17 18 ] 
[ 9 10 12 ] 
[ 9 11 14 ] 
[ 9 13 15 ] 
[ 9 17 19 ] 
[ 10 14 16 ] 
[ 10 16 17 ] 
[ 10 16 18 ] 
[ 10 17 18 ] 
[ 10 19 20 ] 
[ 11 12 17 ] 
[ 11 14 19 ] 
[ 11 15 16 ] 
[ 11 15 19 ] 
[ 11 16 19 ] 
[ 11 18 20 ] 
[ 12 13 18 ] 
[ 12 13 19 ] 
[ 12 14 20 ] 
[ 12 15 20 ] 
[ 12 18 19 ] 
[ 13 14 17 ] 
[ 13 16 20 ] 
[ 13 18 19 ] 
[ 15 16 19 ] 
[ 16 17 18 ] 
