[ 1 2 4 ] 
[ 1 2 5 ] 
[ 1 2 13 ] 
[ 1 2 14 ] 
[ 1 3 12 ] 
[ 1 3 23 ] 
[ 1 4 13 ] 
[ 1 5 14 ] 
[ 1 6 7 ] 
[ 1 6 15 ] 
[ 1 7 15 ] 
[ 1 8 9 ] 
[ 1 8 16 ] 
[ 1 9 16 ] 
[ 1 10 11 ] 
[ 1 10 17 ] 
[ 1 11 17 ] 
[ 1 12 23 ] 
[ 1 18 19 ] 
[ 1 18 24 ] 
[ 1 19 24 ] 
[ 1 20 21 ] 
[ 1 20 22 ] 
[ 1 21 22 ] 
[ 2 3 12 ] 
[ 2 3 24 ] 
[ 2 4 13 ] 
[ 2 5 14 ] 
[ 2 6 8 ] 
[ 2 6 17 ] 
[ 2 7 10 ] 
[ 2 7 16 ] 
[ 2 8 17 ] 
[ 2 9 11 ] 
[ 2 9 18 ] 
[ 2 10 16 ] 
[ 2 11 18 ] 
[ 2 12 24 ] 
[ 2 15 22 ] 
[ 2 15 23 ] 
[ 2 19 20 ] 
[ 2 19 21 ] 
[ 2 20 21 ] 
[ 2 22 23 ] 
[ 3 4 5 ] 
[ 3 4 15 ] 
[ 3 5 15 ] 
[ 3 6 10 ] 
[ 3 6 13 ] 
[ 3 7 9 ] 
[ 3 7 19 ] 
[ 3 8 11 ] 
[ 3 8 20 ] 
[ 3 9 19 ] 
[ 3 10 13 ] 
[ 3 11 20 ] 
[ 3 12 23 ] 
[ 3 12 24 ] 
[ 3 14 18 ] 
[ 3 14 21 ] 
[ 3 16 17 ] 
[ 3 16 22 ] 
[ 3 17 22 ] 
[ 3 18 21 ] 
[ 4 5 12 ] 
[ 4 5 15 ] 
[ 4 5 20 ] 
[ 4 6 11 ] 
[ 4 6 21 ] 
[ 4 7 8 ] 
[ 4 7 22 ] 
[ 4 8 22 ] 
[ 4 9 10 ] 
[ 4 9 14 ] 
[ 4 10 14 ] 
[ 4 11 21 ] 
[ 4 12 20 ] 
[ 4 16 18 ] 
[ 4 16 23 ] 
[ 4 17 19 ] 
[ 4 17 24 ] 
[ 4 18 23 ] 
[ 4 19 24 ] 
[ 5 6 9 ] 
[ 5 6 23 ] 
[ 5 7 11 ] 
[ 5 7 24 ] 
[ 5 8 10 ] 
[ 5 8 19 ] 
[ 5 9 23 ] 
[ 5 10 19 ] 
[ 5 11 24 ] 
[ 5 12 20 ] 
[ 5 13 16 ] 
[ 5 13 21 ] 
[ 5 16 21 ] 
[ 5 17 18 ] 
[ 5 17 22 ] 
[ 5 18 22 ] 
[ 6 7 12 ] 
[ 6 7 15 ] 
[ 6 7 18 ] 
[ 6 8 17 ] 
[ 6 9 23 ] 
[ 6 10 13 ] 
[ 6 11 21 ] 
[ 6 12 18 ] 
[ 6 14 19 ] 
[ 6 14 22 ] 
[ 6 16 20 ] 
[ 6 16 24 ] 
[ 6 19 22 ] 
[ 6 20 24 ] 
[ 7 8 22 ] 
[ 7 9 19 ] 
[ 7 10 16 ] 
[ 7 11 24 ] 
[ 7 12 18 ] 
[ 7 13 14 ] 
[ 7 13 20 ] 
[ 7 14 20 ] 
[ 7 17 21 ] 
[ 7 17 23 ] 
[ 7 21 23 ] 
[ 8 9 12 ] 
[ 8 9 16 ] 
[ 8 9 21 ] 
[ 8 10 19 ] 
[ 8 11 20 ] 
[ 8 12 21 ] 
[ 8 13 15 ] 
[ 8 13 18 ] 
[ 8 14 23 ] 
[ 8 14 24 ] 
[ 8 15 18 ] 
[ 8 23 24 ] 
[ 9 10 14 ] 
[ 9 11 18 ] 
[ 9 12 21 ] 
[ 9 13 22 ] 
[ 9 13 24 ] 
[ 9 15 17 ] 
[ 9 15 20 ] 
[ 9 17 20 ] 
[ 9 22 24 ] 
[ 10 11 12 ] 
[ 10 11 17 ] 
[ 10 11 22 ] 
[ 10 12 22 ] 
[ 10 15 21 ] 
[ 10 15 24 ] 
[ 10 18 20 ] 
[ 10 18 23 ] 
[ 10 20 23 ] 
[ 10 21 24 ] 
[ 11 12 22 ] 
[ 11 13 19 ] 
[ 11 13 23 ] 
[ 11 14 15 ] 
[ 11 14 16 ] 
[ 11 15 16 ] 
[ 11 19 23 ] 
[ 12 13 14 ] 
[ 12 13 17 ] 
[ 12 14 17 ] 
[ 12 15 16 ] 
[ 12 15 19 ] 
[ 12 16 19 ] 
[ 13 14 17 ] 
[ 13 14 20 ] 
[ 13 15 18 ] 
[ 13 16 21 ] 
[ 13 19 23 ] 
[ 13 22 24 ] 
[ 14 15 16 ] 
[ 14 18 21 ] 
[ 14 19 22 ] 
[ 14 23 24 ] 
[ 15 16 19 ] 
[ 15 17 20 ] 
[ 15 21 24 ] 
[ 15 22 23 ] 
[ 16 17 22 ] 
[ 16 18 23 ] 
[ 16 20 24 ] 
[ 17 18 22 ] 
[ 17 19 24 ] 
[ 17 21 23 ] 
[ 18 19 24 ] 
[ 18 20 23 ] 
[ 19 20 21 ] 
[ 20 21 22 ] 
