[ 1 2 4 ] 
[ 1 2 8 ] 
[ 1 3 7 ] 
[ 1 3 12 ] 
[ 1 4 8 ] 
[ 1 5 10 ] 
[ 1 5 11 ] 
[ 1 6 7 ] 
[ 1 6 9 ] 
[ 1 7 9 ] 
[ 1 7 12 ] 
[ 1 10 11 ] 
[ 2 3 5 ] 
[ 2 3 9 ] 
[ 2 4 8 ] 
[ 2 5 9 ] 
[ 2 6 11 ] 
[ 2 6 12 ] 
[ 2 7 8 ] 
[ 2 7 10 ] 
[ 2 8 10 ] 
[ 2 11 12 ] 
[ 3 4 6 ] 
[ 3 4 10 ] 
[ 3 5 9 ] 
[ 3 6 10 ] 
[ 3 7 12 ] 
[ 3 8 9 ] 
[ 3 8 11 ] 
[ 3 9 11 ] 
[ 4 5 7 ] 
[ 4 5 11 ] 
[ 4 6 10 ] 
[ 4 7 11 ] 
[ 4 9 10 ] 
[ 4 9 12 ] 
[ 4 10 12 ] 
[ 5 6 8 ] 
[ 5 6 12 ] 
[ 5 7 11 ] 
[ 5 8 12 ] 
[ 5 10 11 ] 
[ 6 7 9 ] 
[ 6 8 12 ] 
[ 6 11 12 ] 
[ 7 8 10 ] 
[ 8 9 11 ] 
[ 9 10 12 ] 
