[ 1 2 18 ] 
[ 1 2 23 ] 
[ 1 3 12 ] 
[ 1 3 22 ] 
[ 1 4 16 ] 
[ 1 4 19 ] 
[ 1 5 8 ] 
[ 1 5 14 ] 
[ 1 6 13 ] 
[ 1 6 15 ] 
[ 1 7 20 ] 
[ 1 7 24 ] 
[ 1 8 14 ] 
[ 1 9 17 ] 
[ 1 9 25 ] 
[ 1 10 11 ] 
[ 1 10 21 ] 
[ 1 11 21 ] 
[ 1 12 22 ] 
[ 1 13 15 ] 
[ 1 16 19 ] 
[ 1 17 25 ] 
[ 1 18 23 ] 
[ 1 20 24 ] 
[ 2 3 4 ] 
[ 2 3 5 ] 
[ 2 4 5 ] 
[ 2 6 7 ] 
[ 2 6 8 ] 
[ 2 7 8 ] 
[ 2 9 13 ] 
[ 2 9 16 ] 
[ 2 10 14 ] 
[ 2 10 17 ] 
[ 2 11 12 ] 
[ 2 11 15 ] 
[ 2 12 15 ] 
[ 2 13 16 ] 
[ 2 14 17 ] 
[ 2 18 23 ] 
[ 2 19 21 ] 
[ 2 19 24 ] 
[ 2 20 22 ] 
[ 2 20 25 ] 
[ 2 21 24 ] 
[ 2 22 25 ] 
[ 3 4 5 ] 
[ 3 6 16 ] 
[ 3 6 25 ] 
[ 3 7 10 ] 
[ 3 7 18 ] 
[ 3 8 15 ] 
[ 3 8 19 ] 
[ 3 9 23 ] 
[ 3 9 24 ] 
[ 3 10 18 ] 
[ 3 11 13 ] 
[ 3 11 14 ] 
[ 3 12 22 ] 
[ 3 13 14 ] 
[ 3 15 19 ] 
[ 3 16 25 ] 
[ 3 17 20 ] 
[ 3 17 21 ] 
[ 3 20 21 ] 
[ 3 23 24 ] 
[ 4 6 17 ] 
[ 4 6 23 ] 
[ 4 7 12 ] 
[ 4 7 21 ] 
[ 4 8 13 ] 
[ 4 8 20 ] 
[ 4 9 10 ] 
[ 4 9 15 ] 
[ 4 10 15 ] 
[ 4 11 18 ] 
[ 4 11 25 ] 
[ 4 12 21 ] 
[ 4 13 20 ] 
[ 4 14 22 ] 
[ 4 14 24 ] 
[ 4 16 19 ] 
[ 4 17 23 ] 
[ 4 18 25 ] 
[ 4 22 24 ] 
[ 5 6 11 ] 
[ 5 6 24 ] 
[ 5 7 9 ] 
[ 5 7 22 ] 
[ 5 8 14 ] 
[ 5 9 22 ] 
[ 5 10 19 ] 
[ 5 10 25 ] 
[ 5 11 24 ] 
[ 5 12 16 ] 
[ 5 12 17 ] 
[ 5 13 18 ] 
[ 5 13 21 ] 
[ 5 15 20 ] 
[ 5 15 23 ] 
[ 5 16 17 ] 
[ 5 18 21 ] 
[ 5 19 25 ] 
[ 5 20 23 ] 
[ 6 7 8 ] 
[ 6 9 14 ] 
[ 6 9 21 ] 
[ 6 10 12 ] 
[ 6 10 20 ] 
[ 6 11 24 ] 
[ 6 12 20 ] 
[ 6 13 15 ] 
[ 6 14 21 ] 
[ 6 16 25 ] 
[ 6 17 23 ] 
[ 6 18 19 ] 
[ 6 18 22 ] 
[ 6 19 22 ] 
[ 7 9 22 ] 
[ 7 10 18 ] 
[ 7 11 16 ] 
[ 7 11 23 ] 
[ 7 12 21 ] 
[ 7 13 17 ] 
[ 7 13 19 ] 
[ 7 14 15 ] 
[ 7 14 25 ] 
[ 7 15 25 ] 
[ 7 16 23 ] 
[ 7 17 19 ] 
[ 7 20 24 ] 
[ 8 9 12 ] 
[ 8 9 18 ] 
[ 8 10 16 ] 
[ 8 10 24 ] 
[ 8 11 17 ] 
[ 8 11 22 ] 
[ 8 12 18 ] 
[ 8 13 20 ] 
[ 8 15 19 ] 
[ 8 16 24 ] 
[ 8 17 22 ] 
[ 8 21 23 ] 
[ 8 21 25 ] 
[ 8 23 25 ] 
[ 9 10 15 ] 
[ 9 11 19 ] 
[ 9 11 20 ] 
[ 9 12 18 ] 
[ 9 13 16 ] 
[ 9 14 21 ] 
[ 9 17 25 ] 
[ 9 19 20 ] 
[ 9 23 24 ] 
[ 10 11 21 ] 
[ 10 12 20 ] 
[ 10 13 22 ] 
[ 10 13 23 ] 
[ 10 14 17 ] 
[ 10 16 24 ] 
[ 10 19 25 ] 
[ 10 22 23 ] 
[ 11 12 15 ] 
[ 11 13 14 ] 
[ 11 16 23 ] 
[ 11 17 22 ] 
[ 11 18 25 ] 
[ 11 19 20 ] 
[ 12 13 24 ] 
[ 12 13 25 ] 
[ 12 14 19 ] 
[ 12 14 23 ] 
[ 12 16 17 ] 
[ 12 19 23 ] 
[ 12 24 25 ] 
[ 13 17 19 ] 
[ 13 18 21 ] 
[ 13 22 23 ] 
[ 13 24 25 ] 
[ 14 15 25 ] 
[ 14 16 18 ] 
[ 14 16 20 ] 
[ 14 18 20 ] 
[ 14 19 23 ] 
[ 14 22 24 ] 
[ 15 16 21 ] 
[ 15 16 22 ] 
[ 15 17 18 ] 
[ 15 17 24 ] 
[ 15 18 24 ] 
[ 15 20 23 ] 
[ 15 21 22 ] 
[ 16 18 20 ] 
[ 16 21 22 ] 
[ 17 18 24 ] 
[ 17 20 21 ] 
[ 18 19 22 ] 
[ 19 21 24 ] 
[ 20 22 25 ] 
[ 21 23 25 ] 
