[ 1 2 6 ] 
[ 1 2 13 ] 
[ 1 3 10 ] 
[ 1 3 12 ] 
[ 1 4 18 ] 
[ 1 4 20 ] 
[ 1 5 11 ] 
[ 1 5 12 ] 
[ 1 6 13 ] 
[ 1 7 19 ] 
[ 1 7 22 ] 
[ 1 8 14 ] 
[ 1 8 23 ] 
[ 1 9 17 ] 
[ 1 9 21 ] 
[ 1 10 12 ] 
[ 1 11 12 ] 
[ 1 14 23 ] 
[ 1 15 16 ] 
[ 1 15 20 ] 
[ 1 16 20 ] 
[ 1 17 21 ] 
[ 1 18 20 ] 
[ 1 19 22 ] 
[ 2 3 7 ] 
[ 2 3 16 ] 
[ 2 4 10 ] 
[ 2 4 14 ] 
[ 2 5 15 ] 
[ 2 5 17 ] 
[ 2 5 18 ] 
[ 2 5 19 ] 
[ 2 6 13 ] 
[ 2 7 16 ] 
[ 2 8 20 ] 
[ 2 8 22 ] 
[ 2 9 11 ] 
[ 2 9 23 ] 
[ 2 10 14 ] 
[ 2 11 23 ] 
[ 2 12 21 ] 
[ 2 12 22 ] 
[ 2 15 18 ] 
[ 2 17 19 ] 
[ 2 20 22 ] 
[ 2 21 22 ] 
[ 3 4 9 ] 
[ 3 4 11 ] 
[ 3 5 6 ] 
[ 3 5 23 ] 
[ 3 6 17 ] 
[ 3 6 20 ] 
[ 3 6 23 ] 
[ 3 7 16 ] 
[ 3 8 14 ] 
[ 3 8 19 ] 
[ 3 9 11 ] 
[ 3 10 12 ] 
[ 3 13 18 ] 
[ 3 13 21 ] 
[ 3 14 19 ] 
[ 3 15 22 ] 
[ 3 15 23 ] 
[ 3 17 20 ] 
[ 3 18 21 ] 
[ 3 22 23 ] 
[ 4 5 8 ] 
[ 4 5 13 ] 
[ 4 6 12 ] 
[ 4 6 16 ] 
[ 4 7 9 ] 
[ 4 7 15 ] 
[ 4 8 13 ] 
[ 4 9 11 ] 
[ 4 9 15 ] 
[ 4 10 14 ] 
[ 4 10 17 ] 
[ 4 10 22 ] 
[ 4 12 16 ] 
[ 4 17 22 ] 
[ 4 18 20 ] 
[ 4 19 21 ] 
[ 4 19 23 ] 
[ 4 21 23 ] 
[ 5 6 23 ] 
[ 5 7 14 ] 
[ 5 7 22 ] 
[ 5 8 13 ] 
[ 5 9 10 ] 
[ 5 9 20 ] 
[ 5 10 20 ] 
[ 5 11 12 ] 
[ 5 14 16 ] 
[ 5 14 21 ] 
[ 5 14 22 ] 
[ 5 15 18 ] 
[ 5 16 21 ] 
[ 5 17 19 ] 
[ 6 7 10 ] 
[ 6 7 21 ] 
[ 6 8 9 ] 
[ 6 8 19 ] 
[ 6 9 19 ] 
[ 6 10 21 ] 
[ 6 11 18 ] 
[ 6 11 22 ] 
[ 6 12 16 ] 
[ 6 14 15 ] 
[ 6 14 17 ] 
[ 6 15 17 ] 
[ 6 17 20 ] 
[ 6 18 22 ] 
[ 7 8 10 ] 
[ 7 8 18 ] 
[ 7 9 15 ] 
[ 7 10 18 ] 
[ 7 10 21 ] 
[ 7 11 13 ] 
[ 7 11 17 ] 
[ 7 12 20 ] 
[ 7 12 23 ] 
[ 7 13 17 ] 
[ 7 14 22 ] 
[ 7 19 22 ] 
[ 7 20 23 ] 
[ 8 9 19 ] 
[ 8 10 18 ] 
[ 8 11 15 ] 
[ 8 11 21 ] 
[ 8 12 16 ] 
[ 8 12 17 ] 
[ 8 14 19 ] 
[ 8 14 23 ] 
[ 8 15 21 ] 
[ 8 16 17 ] 
[ 8 20 22 ] 
[ 9 10 20 ] 
[ 9 11 23 ] 
[ 9 12 14 ] 
[ 9 12 18 ] 
[ 9 13 16 ] 
[ 9 13 22 ] 
[ 9 14 18 ] 
[ 9 16 22 ] 
[ 9 17 21 ] 
[ 10 11 16 ] 
[ 10 11 19 ] 
[ 10 13 15 ] 
[ 10 13 23 ] 
[ 10 15 23 ] 
[ 10 16 19 ] 
[ 10 17 22 ] 
[ 11 13 14 ] 
[ 11 13 17 ] 
[ 11 13 20 ] 
[ 11 14 20 ] 
[ 11 15 21 ] 
[ 11 16 19 ] 
[ 11 18 22 ] 
[ 12 13 15 ] 
[ 12 13 19 ] 
[ 12 14 18 ] 
[ 12 15 19 ] 
[ 12 16 17 ] 
[ 12 20 23 ] 
[ 12 21 22 ] 
[ 13 14 20 ] 
[ 13 15 19 ] 
[ 13 15 23 ] 
[ 13 16 22 ] 
[ 13 18 21 ] 
[ 14 15 17 ] 
[ 14 16 21 ] 
[ 15 16 20 ] 
[ 15 22 23 ] 
[ 16 17 18 ] 
[ 16 17 23 ] 
[ 16 18 23 ] 
[ 17 18 23 ] 
[ 18 19 20 ] 
[ 18 19 21 ] 
[ 18 20 21 ] 
[ 19 20 21 ] 
[ 19 21 23 ] 
