[ 1 2 4 ] 
[ 1 2 10 ] 
[ 1 3 9 ] 
[ 1 3 13 ] 
[ 1 4 10 ] 
[ 1 5 6 ] 
[ 1 5 8 ] 
[ 1 6 8 ] 
[ 1 7 11 ] 
[ 1 7 12 ] 
[ 1 9 13 ] 
[ 1 11 12 ] 
[ 2 3 5 ] 
[ 2 3 11 ] 
[ 2 4 10 ] 
[ 2 5 11 ] 
[ 2 6 7 ] 
[ 2 6 9 ] 
[ 2 7 9 ] 
[ 2 8 12 ] 
[ 2 8 13 ] 
[ 2 12 13 ] 
[ 3 4 6 ] 
[ 3 4 12 ] 
[ 3 5 11 ] 
[ 3 6 12 ] 
[ 3 7 8 ] 
[ 3 7 10 ] 
[ 3 8 10 ] 
[ 3 9 13 ] 
[ 4 5 7 ] 
[ 4 5 13 ] 
[ 4 6 12 ] 
[ 4 7 13 ] 
[ 4 8 9 ] 
[ 4 8 11 ] 
[ 4 9 11 ] 
[ 5 6 8 ] 
[ 5 7 13 ] 
[ 5 9 10 ] 
[ 5 9 12 ] 
[ 5 10 12 ] 
[ 6 7 9 ] 
[ 6 10 11 ] 
[ 6 10 13 ] 
[ 6 11 13 ] 
[ 7 8 10 ] 
[ 7 11 12 ] 
[ 8 9 11 ] 
[ 8 12 13 ] 
[ 9 10 12 ] 
[ 10 11 13 ] 
