[ 1 2 5 ] 
[ 1 2 7 ] 
[ 1 3 13 ] 
[ 1 3 18 ] 
[ 1 4 16 ] 
[ 1 4 19 ] 
[ 1 5 7 ] 
[ 1 6 12 ] 
[ 1 6 15 ] 
[ 1 8 9 ] 
[ 1 8 14 ] 
[ 1 8 17 ] 
[ 1 8 20 ] 
[ 1 9 14 ] 
[ 1 10 11 ] 
[ 1 10 21 ] 
[ 1 11 21 ] 
[ 1 12 15 ] 
[ 1 13 18 ] 
[ 1 16 19 ] 
[ 1 17 20 ] 
[ 2 3 9 ] 
[ 2 3 11 ] 
[ 2 4 8 ] 
[ 2 4 15 ] 
[ 2 4 18 ] 
[ 2 4 21 ] 
[ 2 5 7 ] 
[ 2 6 17 ] 
[ 2 6 19 ] 
[ 2 8 15 ] 
[ 2 9 11 ] 
[ 2 10 12 ] 
[ 2 10 14 ] 
[ 2 12 14 ] 
[ 2 13 16 ] 
[ 2 13 20 ] 
[ 2 16 20 ] 
[ 2 17 19 ] 
[ 2 18 21 ] 
[ 3 4 12 ] 
[ 3 4 20 ] 
[ 3 5 6 ] 
[ 3 5 8 ] 
[ 3 5 10 ] 
[ 3 5 16 ] 
[ 3 6 8 ] 
[ 3 7 17 ] 
[ 3 7 21 ] 
[ 3 9 11 ] 
[ 3 10 16 ] 
[ 3 12 20 ] 
[ 3 13 18 ] 
[ 3 14 15 ] 
[ 3 14 19 ] 
[ 3 15 19 ] 
[ 3 17 21 ] 
[ 4 5 11 ] 
[ 4 5 14 ] 
[ 4 6 7 ] 
[ 4 6 9 ] 
[ 4 7 9 ] 
[ 4 8 15 ] 
[ 4 10 13 ] 
[ 4 10 17 ] 
[ 4 11 14 ] 
[ 4 12 20 ] 
[ 4 13 17 ] 
[ 4 16 19 ] 
[ 4 18 21 ] 
[ 5 6 8 ] 
[ 5 9 13 ] 
[ 5 9 15 ] 
[ 5 10 16 ] 
[ 5 11 14 ] 
[ 5 12 17 ] 
[ 5 12 18 ] 
[ 5 13 15 ] 
[ 5 17 18 ] 
[ 5 19 20 ] 
[ 5 19 21 ] 
[ 5 20 21 ] 
[ 6 7 9 ] 
[ 6 8 10 ] 
[ 6 8 16 ] 
[ 6 10 16 ] 
[ 6 11 18 ] 
[ 6 11 20 ] 
[ 6 12 15 ] 
[ 6 13 14 ] 
[ 6 13 21 ] 
[ 6 14 21 ] 
[ 6 17 19 ] 
[ 6 18 20 ] 
[ 7 8 11 ] 
[ 7 8 12 ] 
[ 7 8 13 ] 
[ 7 8 19 ] 
[ 7 10 15 ] 
[ 7 10 20 ] 
[ 7 11 12 ] 
[ 7 13 19 ] 
[ 7 14 16 ] 
[ 7 14 18 ] 
[ 7 15 20 ] 
[ 7 16 18 ] 
[ 7 17 21 ] 
[ 8 9 14 ] 
[ 8 10 16 ] 
[ 8 11 12 ] 
[ 8 13 19 ] 
[ 8 15 18 ] 
[ 8 15 21 ] 
[ 8 17 20 ] 
[ 8 18 21 ] 
[ 9 10 18 ] 
[ 9 10 19 ] 
[ 9 12 16 ] 
[ 9 12 21 ] 
[ 9 13 15 ] 
[ 9 14 17 ] 
[ 9 14 20 ] 
[ 9 16 21 ] 
[ 9 17 20 ] 
[ 9 18 19 ] 
[ 10 11 21 ] 
[ 10 12 14 ] 
[ 10 13 17 ] 
[ 10 15 20 ] 
[ 10 18 19 ] 
[ 11 12 13 ] 
[ 11 12 19 ] 
[ 11 13 19 ] 
[ 11 15 16 ] 
[ 11 15 17 ] 
[ 11 16 17 ] 
[ 11 18 20 ] 
[ 12 13 19 ] 
[ 12 16 21 ] 
[ 12 17 18 ] 
[ 13 14 21 ] 
[ 13 16 20 ] 
[ 14 15 19 ] 
[ 14 16 18 ] 
[ 14 17 20 ] 
[ 15 16 17 ] 
[ 15 18 21 ] 
[ 19 20 21 ] 
