[ 1 2 8 ] 
[ 1 2 15 ] 
[ 1 3 7 ] 
[ 1 3 11 ] 
[ 1 4 10 ] 
[ 1 4 12 ] 
[ 1 5 13 ] 
[ 1 5 14 ] 
[ 1 6 8 ] 
[ 1 6 9 ] 
[ 1 7 11 ] 
[ 1 8 9 ] 
[ 1 8 15 ] 
[ 1 10 12 ] 
[ 1 13 14 ] 
[ 2 3 4 ] 
[ 2 3 5 ] 
[ 2 4 5 ] 
[ 2 6 10 ] 
[ 2 6 13 ] 
[ 2 7 12 ] 
[ 2 7 14 ] 
[ 2 8 15 ] 
[ 2 9 11 ] 
[ 2 9 13 ] 
[ 2 10 13 ] 
[ 2 11 13 ] 
[ 2 12 14 ] 
[ 3 4 5 ] 
[ 3 6 14 ] 
[ 3 6 15 ] 
[ 3 7 11 ] 
[ 3 8 12 ] 
[ 3 8 13 ] 
[ 3 9 10 ] 
[ 3 9 14 ] 
[ 3 10 14 ] 
[ 3 12 13 ] 
[ 3 14 15 ] 
[ 4 6 7 ] 
[ 4 6 9 ] 
[ 4 7 9 ] 
[ 4 7 13 ] 
[ 4 7 15 ] 
[ 4 8 11 ] 
[ 4 8 14 ] 
[ 4 10 12 ] 
[ 4 11 14 ] 
[ 4 13 15 ] 
[ 5 6 11 ] 
[ 5 6 12 ] 
[ 5 7 8 ] 
[ 5 7 10 ] 
[ 5 8 10 ] 
[ 5 9 12 ] 
[ 5 9 15 ] 
[ 5 11 12 ] 
[ 5 12 15 ] 
[ 5 13 14 ] 
[ 6 7 9 ] 
[ 6 8 9 ] 
[ 6 10 13 ] 
[ 6 11 12 ] 
[ 6 14 15 ] 
[ 7 8 10 ] 
[ 7 12 14 ] 
[ 7 13 15 ] 
[ 8 11 14 ] 
[ 8 12 13 ] 
[ 9 10 11 ] 
[ 9 10 14 ] 
[ 9 10 15 ] 
[ 9 11 13 ] 
[ 9 11 15 ] 
[ 9 12 15 ] 
[ 10 11 15 ] 
