[ 1 2 8 ] 
[ 1 2 12 ] 
[ 1 3 9 ] 
[ 1 3 12 ] 
[ 1 4 11 ] 
[ 1 4 18 ] 
[ 1 5 13 ] 
[ 1 5 15 ] 
[ 1 6 10 ] 
[ 1 6 14 ] 
[ 1 7 10 ] 
[ 1 7 17 ] 
[ 1 8 12 ] 
[ 1 9 12 ] 
[ 1 10 14 ] 
[ 1 10 17 ] 
[ 1 11 18 ] 
[ 1 13 15 ] 
[ 1 16 18 ] 
[ 1 16 19 ] 
[ 1 18 19 ] 
[ 2 3 11 ] 
[ 2 3 15 ] 
[ 2 3 16 ] 
[ 2 3 17 ] 
[ 2 4 13 ] 
[ 2 4 14 ] 
[ 2 5 7 ] 
[ 2 5 18 ] 
[ 2 6 9 ] 
[ 2 6 19 ] 
[ 2 7 18 ] 
[ 2 8 12 ] 
[ 2 9 19 ] 
[ 2 10 15 ] 
[ 2 10 18 ] 
[ 2 11 17 ] 
[ 2 13 14 ] 
[ 2 15 16 ] 
[ 2 15 18 ] 
[ 3 4 10 ] 
[ 3 4 19 ] 
[ 3 5 8 ] 
[ 3 5 10 ] 
[ 3 6 7 ] 
[ 3 6 13 ] 
[ 3 7 13 ] 
[ 3 8 10 ] 
[ 3 9 12 ] 
[ 3 10 19 ] 
[ 3 11 14 ] 
[ 3 11 17 ] 
[ 3 11 18 ] 
[ 3 14 18 ] 
[ 3 15 16 ] 
[ 4 5 9 ] 
[ 4 5 17 ] 
[ 4 6 8 ] 
[ 4 6 15 ] 
[ 4 7 12 ] 
[ 4 7 16 ] 
[ 4 8 15 ] 
[ 4 9 17 ] 
[ 4 10 19 ] 
[ 4 11 18 ] 
[ 4 12 16 ] 
[ 4 13 14 ] 
[ 5 6 11 ] 
[ 5 6 16 ] 
[ 5 7 18 ] 
[ 5 8 10 ] 
[ 5 9 17 ] 
[ 5 11 16 ] 
[ 5 12 14 ] 
[ 5 12 19 ] 
[ 5 13 15 ] 
[ 5 14 19 ] 
[ 6 7 13 ] 
[ 6 8 15 ] 
[ 6 9 19 ] 
[ 6 10 14 ] 
[ 6 11 16 ] 
[ 6 12 17 ] 
[ 6 12 18 ] 
[ 6 17 18 ] 
[ 7 8 11 ] 
[ 7 8 19 ] 
[ 7 9 14 ] 
[ 7 9 15 ] 
[ 7 10 17 ] 
[ 7 11 19 ] 
[ 7 12 16 ] 
[ 7 14 15 ] 
[ 8 9 13 ] 
[ 8 9 18 ] 
[ 8 11 19 ] 
[ 8 13 18 ] 
[ 8 14 16 ] 
[ 8 14 17 ] 
[ 8 16 17 ] 
[ 9 10 11 ] 
[ 9 10 12 ] 
[ 9 10 13 ] 
[ 9 10 16 ] 
[ 9 11 12 ] 
[ 9 13 16 ] 
[ 9 13 18 ] 
[ 9 14 15 ] 
[ 10 11 12 ] 
[ 10 13 16 ] 
[ 10 15 18 ] 
[ 11 12 13 ] 
[ 11 12 15 ] 
[ 11 13 15 ] 
[ 11 14 18 ] 
[ 12 13 15 ] 
[ 12 14 19 ] 
[ 12 17 18 ] 
[ 13 15 17 ] 
[ 13 15 19 ] 
[ 13 17 19 ] 
[ 14 16 17 ] 
[ 15 17 19 ] 
[ 16 18 19 ] 
