1039 1682
1 64 
1 64 

2 1 54 55 64 XOR
1 1 64 65 INV
1 1 61 84 INV
1 1 62 85 INV
1 1 59 89 INV
1 1 60 90 INV
1 1 57 97 INV
1 1 58 98 INV
1 1 55 102 INV
1 1 56 103 INV
1 1 54 113 INV
1 1 50 332 INV
1 1 51 333 INV
1 1 48 337 INV
1 1 49 338 INV
1 1 46 345 INV
1 1 47 346 INV
1 1 44 350 INV
1 1 45 351 INV
1 1 42 358 INV
1 1 43 359 INV
1 1 40 363 INV
1 1 41 364 INV
1 1 38 374 INV
1 1 39 375 INV
1 1 36 379 INV
1 1 37 380 INV
1 1 34 387 INV
1 1 35 388 INV
1 1 32 392 INV
1 1 33 393 INV
1 1 30 409 INV
1 1 31 410 INV
1 1 28 414 INV
1 1 29 415 INV
1 1 26 422 INV
1 1 27 423 INV
1 1 24 427 INV
1 1 25 428 INV
1 1 22 438 INV
1 1 23 439 INV
1 1 20 443 INV
1 1 21 444 INV
1 1 18 451 INV
1 1 19 452 INV
1 1 16 456 INV
1 1 17 457 INV
1 1 14 470 INV
1 1 15 471 INV
1 1 12 475 INV
1 1 13 476 INV
1 1 10 483 INV
1 1 11 484 INV
1 1 8 488 INV
1 1 9 489 INV
1 1 6 499 INV
1 1 7 500 INV
1 1 4 504 INV
1 1 5 505 INV
1 1 2 512 INV
1 1 3 513 INV
1 1 0 517 INV
1 1 1 518 INV
1 1 53 565 INV
1 1 52 619 INV
136 68 52 84 89 97 102 113 113 58 56 54 332 338 337 346 345 351 350 359 358 364 363 375 374 380 379 388 387 393 392 410 409 415 414 423 422 428 427 439 438 444 443 452 451 457 456 471 470 476 475 484 483 489 488 500 499 505 504 513 512 518 517 60 113 565 565 333 619 565 53 85 90 98 103 64 65 59 57 55 333 332 338 337 346 345 351 350 359 358 364 363 375 374 380 379 388 387 393 392 410 409 415 414 423 422 428 427 439 438 444 443 452 451 457 456 471 470 476 475 484 483 489 488 500 499 505 504 513 512 518 61 53 113 52 619 53 619 75 86 91 99 104 69 66 278 279 281 334 123 339 126 347 138 352 141 360 147 365 150 376 159 381 162 389 168 394 171 411 186 416 189 424 195 429 198 440 207 445 210 453 216 458 219 472 231 477 234 485 240 490 243 501 252 506 255 514 261 519 536 547 114 566 117 620 731 MAND
1 1 91 92 INV
1 1 92 93 INV
1 1 334 335 INV
1 1 335 336 INV
1 1 123 124 INV
1 1 124 125 INV
1 1 339 340 INV
1 1 340 341 INV
1 1 86 87 INV
1 1 126 127 INV
1 1 127 128 INV
1 1 347 348 INV
1 1 348 349 INV
1 1 87 88 INV
1 1 138 139 INV
1 1 139 140 INV
1 1 352 353 INV
1 1 353 354 INV
1 1 99 100 INV
1 1 100 101 INV
1 1 141 142 INV
1 1 142 143 INV
1 1 360 361 INV
1 1 361 362 INV
1 1 75 300 INV
1 1 147 148 INV
1 1 148 149 INV
1 1 365 366 INV
1 1 366 367 INV
1 1 104 105 INV
1 1 150 151 INV
1 1 151 152 INV
1 1 376 377 INV
1 1 377 378 INV
1 1 105 106 INV
1 1 159 160 INV
1 1 160 161 INV
1 1 381 382 INV
1 1 382 383 INV
1 1 162 163 INV
1 1 163 164 INV
1 1 389 390 INV
1 1 390 391 INV
1 1 168 169 INV
1 1 169 170 INV
1 1 394 395 INV
1 1 395 396 INV
1 1 171 172 INV
1 1 172 173 INV
1 1 411 412 INV
1 1 412 413 INV
2 1 69 54 70 XOR
1 1 186 187 INV
1 1 187 188 INV
1 1 416 417 INV
1 1 417 418 INV
2 1 66 56 67 XOR
1 1 189 190 INV
1 1 190 191 INV
1 1 424 425 INV
1 1 425 426 INV
1 1 67 68 INV
1 1 195 196 INV
1 1 196 197 INV
1 1 429 430 INV
1 1 430 431 INV
1 1 198 199 INV
1 1 199 200 INV
1 1 440 441 INV
1 1 441 442 INV
1 1 207 208 INV
1 1 208 209 INV
1 1 445 446 INV
1 1 446 447 INV
1 1 210 211 INV
1 1 211 212 INV
1 1 453 454 INV
1 1 454 455 INV
1 1 216 217 INV
1 1 217 218 INV
1 1 458 459 INV
1 1 459 460 INV
1 1 219 220 INV
1 1 220 221 INV
1 1 472 473 INV
1 1 473 474 INV
1 1 231 232 INV
1 1 232 233 INV
1 1 477 478 INV
1 1 478 479 INV
1 1 234 235 INV
1 1 235 236 INV
1 1 485 486 INV
1 1 486 487 INV
1 1 240 241 INV
1 1 241 242 INV
1 1 490 491 INV
1 1 491 492 INV
1 1 243 244 INV
1 1 244 245 INV
1 1 501 502 INV
1 1 502 503 INV
1 1 252 253 INV
1 1 253 254 INV
1 1 506 507 INV
1 1 507 508 INV
1 1 255 256 INV
1 1 256 257 INV
1 1 514 515 INV
1 1 515 516 INV
1 1 261 262 INV
1 1 262 263 INV
1 1 519 520 INV
1 1 520 521 INV
1 1 114 115 INV
1 1 115 116 INV
2 1 566 53 567 XOR
2 1 75 54 299 XOR
1 1 117 118 INV
1 1 118 119 INV
92 46 88 101 68 113 278 75 299 336 125 349 140 362 149 378 161 391 170 413 188 426 197 442 209 455 218 474 233 487 242 503 254 263 516 536 65 113 68 116 620 566 68 113 566 113 75 731 93 106 70 75 279 281 300 341 128 354 143 367 152 383 164 396 173 418 191 431 200 447 212 460 221 479 236 492 245 508 257 517 521 62 547 567 66 119 54 54 65 620 113 731 54 54 94 107 71 76 280 282 301 342 129 355 144 368 153 384 165 397 174 419 192 432 201 448 213 461 222 480 237 493 246 509 258 264 522 537 548 568 586 120 621 640 659 693 712 732 751 940 MAND
1 1 165 166 INV
1 1 166 167 INV
1 1 342 343 INV
1 1 343 344 INV
1 1 397 398 INV
1 1 398 399 INV
1 1 174 175 INV
1 1 175 176 INV
1 1 129 130 INV
1 1 130 131 INV
1 1 419 420 INV
1 1 420 421 INV
1 1 192 193 INV
1 1 193 194 INV
1 1 432 433 INV
1 1 433 434 INV
2 1 71 66 72 XOR
2 1 72 57 73 XOR
1 1 355 356 INV
1 1 201 202 INV
1 1 202 203 INV
1 1 356 357 INV
1 1 73 74 INV
1 1 448 449 INV
1 1 449 450 INV
1 1 144 145 INV
1 1 213 214 INV
1 1 214 215 INV
1 1 145 146 INV
1 1 461 462 INV
1 1 462 463 INV
1 1 222 223 INV
1 1 223 224 INV
1 1 368 369 INV
1 1 480 481 INV
1 1 481 482 INV
1 1 369 370 INV
1 1 237 238 INV
1 1 238 239 INV
1 1 493 494 INV
1 1 494 495 INV
1 1 246 247 INV
1 1 247 248 INV
1 1 153 154 INV
1 1 154 155 INV
1 1 509 510 INV
1 1 510 511 INV
2 1 301 75 302 XOR
1 1 258 259 INV
1 1 259 260 INV
2 1 302 55 303 XOR
1 1 302 304 INV
1 1 264 265 INV
1 1 265 266 INV
1 1 522 523 INV
1 1 523 524 INV
1 1 94 95 INV
1 1 95 96 INV
2 1 66 282 602 XOR
1 1 384 385 INV
1 1 385 386 INV
1 1 107 108 INV
1 1 108 109 INV
1 1 120 121 INV
1 1 121 122 INV
80 40 96 65 280 303 357 146 386 167 421 194 450 215 482 239 260 511 68 65 74 68 122 621 640 74 76 693 712 732 751 621 640 74 65 65 72 67 940 65 68 940 109 76 282 304 370 155 399 176 434 203 463 224 495 248 266 524 548 568 586 602 131 65 65 659 64 64 64 64 64 64 64 68 693 712 74 282 65 732 282 64 110 77 283 305 371 156 400 177 435 204 464 225 496 249 267 525 549 569 587 603 132 622 641 660 675 694 713 733 752 770 788 806 838 856 874 889 941 1138 1156 1343 MAND
2 1 305 302 306 XOR
1 1 435 436 INV
1 1 436 437 INV
1 1 204 205 INV
1 1 205 206 INV
1 1 400 401 INV
1 1 401 402 INV
1 1 464 465 INV
1 1 465 466 INV
1 1 225 226 INV
1 1 226 227 INV
1 1 177 178 INV
1 1 371 372 INV
1 1 372 373 INV
2 1 283 60 284 XOR
1 1 284 285 INV
1 1 178 179 INV
1 1 496 497 INV
1 1 497 498 INV
1 1 249 250 INV
1 1 250 251 INV
1 1 156 157 INV
1 1 157 158 INV
2 1 306 56 307 XOR
1 1 267 268 INV
1 1 268 269 INV
1 1 110 111 INV
1 1 111 112 INV
1 1 525 526 INV
1 1 526 527 INV
1 1 307 308 INV
1 1 132 133 INV
1 1 133 134 INV
2 1 622 602 623 XOR
2 1 641 623 642 XOR
2 1 675 65 676 XOR
2 1 694 676 695 XOR
2 1 713 695 714 XOR
2 1 733 714 734 XOR
2 1 752 734 753 XOR
2 1 770 753 771 XOR
2 1 788 771 789 XOR
2 1 72 889 890 XOR
110 55 68 285 306 373 158 437 206 251 498 537 74 68 74 112 68 68 68 68 68 68 68 68 68 77 838 67 74 622 67 67 675 694 713 733 752 770 788 68 68 68 73 68 68 68 675 694 713 733 752 770 788 1343 67 889 1343 77 283 308 402 179 466 227 269 527 283 549 569 603 134 623 642 676 695 714 734 753 771 789 67 67 856 890 67 641 941 67 67 67 67 67 67 67 838 856 1138 1156 622 641 941 68 68 68 68 68 68 68 68 1138 73 67 78 286 309 403 180 467 228 270 528 538 550 570 604 135 624 643 677 696 715 735 754 772 790 821 839 857 891 906 923 942 959 976 993 1010 1027 1044 1061 1104 1121 1139 1157 1173 1190 1207 1224 1241 1258 1275 1292 1309 1326 1344 1409 1424 1591 MAND
1 1 467 468 INV
1 1 468 469 INV
1 1 228 229 INV
1 1 229 230 INV
2 1 286 61 287 XOR
1 1 180 181 INV
1 1 181 182 INV
1 1 287 288 INV
2 1 309 57 310 XOR
1 1 310 311 INV
1 1 270 271 INV
1 1 271 272 INV
1 1 528 529 INV
1 1 529 530 INV
1 1 135 136 INV
1 1 136 137 INV
1 1 403 404 INV
1 1 404 405 INV
2 1 821 68 822 XOR
2 1 839 822 840 XOR
2 1 857 840 858 XOR
2 1 906 890 907 XOR
2 1 923 907 924 XOR
2 1 942 924 943 XOR
2 1 959 943 960 XOR
2 1 976 960 977 XOR
2 1 993 977 994 XOR
2 1 1010 994 1011 XOR
2 1 1027 1011 1028 XOR
2 1 1044 1028 1045 XOR
2 1 1061 1045 1062 XOR
1 1 78 1091 INV
120 60 74 288 311 344 230 469 74 137 74 74 74 74 74 74 74 74 74 74 74 74 74 74 74 74 74 74 74 74 74 74 73 73 73 73 73 73 73 73 73 73 73 73 73 73 73 821 839 857 1409 906 923 942 959 976 993 1010 1027 1044 1061 1591 78 286 309 405 272 530 570 182 624 643 677 696 715 735 754 772 790 822 840 858 907 924 943 960 977 994 1011 1028 1045 1062 1091 1104 1121 1139 1173 1190 1207 1224 1241 1258 1275 1292 1309 1326 1344 73 73 73 73 73 73 73 73 73 73 73 73 73 73 73 79 289 312 406 273 531 571 183 625 644 678 697 716 736 755 773 791 823 841 859 908 925 944 961 978 995 1012 1029 1046 1063 1092 1105 1122 1140 1174 1191 1208 1225 1242 1259 1276 1293 1310 1327 1345 1361 1377 1393 1410 1442 1458 1474 1490 1506 1522 1538 1554 1570 1586 1592 MAND
1 1 406 407 INV
1 1 407 408 INV
2 1 289 62 290 XOR
1 1 289 291 INV
1 1 79 80 INV
1 1 273 274 INV
1 1 274 275 INV
1 1 531 532 INV
1 1 532 533 INV
2 1 312 58 313 XOR
1 1 312 314 INV
1 1 183 184 INV
1 1 184 185 INV
1 1 1092 1096 INV
2 1 1105 1096 1106 XOR
2 1 1106 1122 1123 XOR
2 1 1140 1123 1141 XOR
2 1 1141 1157 1158 XOR
2 1 1174 1158 1175 XOR
2 1 1175 1191 1192 XOR
2 1 1208 1192 1209 XOR
2 1 1209 1225 1226 XOR
2 1 1242 1226 1243 XOR
2 1 1259 1243 1260 XOR
2 1 1276 1260 1277 XOR
2 1 1293 1277 1294 XOR
2 1 1294 1310 1311 XOR
2 1 1311 1327 1328 XOR
2 1 1328 1345 1346 XOR
2 1 1346 1361 1362 XOR
2 1 1362 1377 1378 XOR
2 1 1393 1378 1394 XOR
2 1 1410 1394 1411 XOR
2 1 1424 1411 1425 XOR
2 1 1442 1425 1443 XOR
2 1 1458 1443 1459 XOR
2 1 1474 1459 1475 XOR
2 1 1490 1475 1491 XOR
2 1 1491 1506 1507 XOR
2 1 1507 1522 1523 XOR
2 1 1538 1523 1539 XOR
2 1 1539 1554 1555 XOR
2 1 1555 1570 1571 XOR
2 1 1571 1586 1587 XOR
2 1 1587 1592 1601 XOR
1 1 63 1607 INV
12 6 290 313 408 80 185 1607 291 314 533 0 275 80 292 315 534 546 276 81 MAND
2 1 292 289 293 XOR
2 1 315 312 316 XOR
1 1 316 318 INV
2 1 81 0 82 XOR
1 1 534 535 INV
2 1 546 550 551 XOR
1 1 551 552 INV
2 1 546 1 562 XOR
1 1 293 294 INV
1 1 276 277 INV
2 1 316 59 317 XOR
12 6 317 82 535 562 1607 277 318 79 538 552 552 294 319 83 539 563 553 295 MAND
1 1 539 540 INV
2 1 553 1 554 XOR
2 1 546 563 564 XOR
2 1 564 571 572 XOR
1 1 572 573 INV
2 1 564 2 583 XOR
1 1 295 296 INV
2 1 319 316 320 XOR
2 1 320 60 321 XOR
1 1 320 322 INV
10 5 321 83 554 583 1607 322 296 550 573 573 323 297 555 584 574 MAND
2 1 323 320 324 XOR
2 1 564 584 585 XOR
2 1 585 587 588 XOR
1 1 588 589 INV
2 1 585 3 599 XOR
2 1 324 61 325 XOR
2 1 297 0 298 XOR
1 1 324 326 INV
2 1 574 2 575 XOR
10 5 555 325 599 575 1607 296 326 589 571 589 556 327 600 576 590 MAND
2 1 590 3 591 XOR
2 1 585 600 601 XOR
2 1 601 604 605 XOR
1 1 605 606 INV
2 1 601 4 616 XOR
2 1 327 324 328 XOR
2 1 328 62 329 XOR
1 1 329 330 INV
10 5 328 576 616 591 1607 330 296 606 587 606 331 577 617 592 607 MAND
2 1 601 617 618 XOR
2 1 618 625 626 XOR
1 1 626 627 INV
2 1 618 5 637 XOR
2 1 577 2 578 XOR
2 1 607 4 608 XOR
10 5 331 637 1607 592 608 540 627 627 296 604 541 638 628 593 609 MAND
2 1 618 638 639 XOR
2 1 639 644 645 XOR
1 1 645 646 INV
2 1 639 6 656 XOR
2 1 628 5 629 XOR
2 1 593 3 594 XOR
2 1 556 1 557 XOR
16 8 298 656 629 541 541 1607 541 609 541 646 625 578 557 646 594 296 542 657 630 579 558 647 595 610 MAND
2 1 542 297 543 XOR
2 1 639 657 658 XOR
2 1 658 660 661 XOR
1 1 661 662 INV
2 1 658 7 672 XOR
2 1 558 556 559 XOR
2 1 610 4 611 XOR
2 1 579 577 580 XOR
2 1 543 0 544 XOR
2 1 580 2 581 XOR
2 1 595 593 596 XOR
2 1 596 3 597 XOR
2 1 559 1 560 XOR
2 1 647 6 648 XOR
18 9 560 544 581 630 672 648 1607 597 541 539 539 539 296 662 644 662 539 611 561 545 582 631 673 649 663 598 612 MAND
2 1 631 5 632 XOR
2 1 580 582 1620 XOR
2 1 559 561 1619 XOR
2 1 658 673 674 XOR
2 1 674 678 679 XOR
1 1 679 680 INV
2 1 674 8 690 XOR
2 1 663 7 664 XOR
2 1 543 545 1618 XOR
2 1 596 598 1621 XOR
2 1 612 610 613 XOR
2 1 613 4 614 XOR
12 6 614 690 541 649 664 1607 539 680 632 296 660 680 615 691 633 650 665 681 MAND
2 1 613 615 1622 XOR
2 1 674 691 692 XOR
2 1 692 697 698 XOR
1 1 698 699 INV
2 1 692 9 709 XOR
2 1 633 631 634 XOR
2 1 634 5 635 XOR
2 1 681 8 682 XOR
2 1 650 6 651 XOR
12 6 635 709 541 665 682 1607 539 699 651 296 678 699 636 710 652 666 683 700 MAND
2 1 692 710 711 XOR
2 1 711 716 717 XOR
1 1 717 718 INV
2 1 711 10 728 XOR
2 1 634 636 1623 XOR
2 1 666 7 667 XOR
2 1 700 9 701 XOR
2 1 652 650 653 XOR
2 1 653 6 654 XOR
12 6 728 1607 654 541 683 701 718 718 539 667 296 697 729 719 655 668 684 702 MAND
2 1 711 729 730 XOR
2 1 730 736 737 XOR
1 1 737 738 INV
2 1 730 11 748 XOR
2 1 719 10 720 XOR
2 1 668 666 669 XOR
2 1 669 7 670 XOR
2 1 684 8 685 XOR
12 6 1607 748 720 670 541 702 738 738 716 539 685 296 739 749 721 671 686 703 MAND
2 1 739 11 740 XOR
2 1 730 749 750 XOR
2 1 750 755 756 XOR
1 1 756 757 INV
2 1 750 12 767 XOR
2 1 669 671 1625 XOR
2 1 703 9 704 XOR
2 1 686 684 687 XOR
2 1 687 8 688 XOR
12 6 1607 740 767 721 541 688 757 736 757 296 704 539 758 741 768 722 705 689 MAND
2 1 750 768 769 XOR
2 1 769 773 774 XOR
1 1 774 775 INV
2 1 769 13 785 XOR
2 1 758 12 759 XOR
2 1 722 10 723 XOR
2 1 687 689 1626 XOR
2 1 705 703 706 XOR
2 1 706 9 707 XOR
12 6 759 741 785 541 1607 707 755 296 775 723 775 539 760 742 786 724 776 708 MAND
2 1 724 722 725 XOR
2 1 725 10 726 XOR
2 1 769 786 787 XOR
2 1 787 791 792 XOR
1 1 792 793 INV
2 1 787 14 803 XOR
2 1 742 11 743 XOR
2 1 706 708 1627 XOR
2 1 776 13 777 XOR
12 6 760 541 726 803 777 1607 296 743 539 793 773 793 761 744 727 804 778 794 MAND
2 1 761 12 762 XOR
2 1 794 14 795 XOR
2 1 725 727 1628 XOR
2 1 787 804 805 XOR
2 1 805 806 807 XOR
1 1 807 808 INV
2 1 805 15 818 XOR
2 1 744 742 745 XOR
2 1 745 11 746 XOR
12 6 541 746 818 778 795 1607 762 539 808 296 791 808 763 747 819 779 796 809 MAND
2 1 763 761 764 XOR
2 1 805 819 820 XOR
2 1 764 12 765 XOR
2 1 820 823 824 XOR
1 1 824 825 INV
2 1 820 16 835 XOR
2 1 809 15 810 XOR
2 1 779 13 780 XOR
12 6 765 835 541 796 810 1607 539 825 780 296 806 825 766 836 781 797 811 826 MAND
2 1 764 766 1630 XOR
2 1 820 836 837 XOR
2 1 837 841 842 XOR
1 1 842 843 INV
2 1 837 17 853 XOR
2 1 797 14 798 XOR
2 1 826 16 827 XOR
2 1 781 779 782 XOR
2 1 782 13 783 XOR
12 6 853 783 541 811 827 1607 843 539 798 296 823 843 854 784 799 812 828 844 MAND
2 1 812 15 813 XOR
2 1 799 797 800 XOR
2 1 837 854 855 XOR
2 1 855 859 860 XOR
1 1 860 861 INV
2 1 855 18 871 XOR
2 1 844 17 845 XOR
2 1 800 14 801 XOR
12 6 871 801 541 828 845 1607 861 539 813 296 841 861 872 802 814 829 846 862 MAND
2 1 862 18 863 XOR
2 1 800 802 1632 XOR
2 1 855 872 873 XOR
2 1 873 874 875 XOR
1 1 875 876 INV
2 1 873 19 886 XOR
2 1 829 16 830 XOR
2 1 814 812 815 XOR
2 1 815 15 816 XOR
12 6 886 816 541 846 863 1607 876 539 830 296 859 876 887 817 831 847 864 877 MAND
2 1 847 17 848 XOR
2 1 873 887 888 XOR
2 1 888 891 892 XOR
1 1 892 893 INV
2 1 888 20 903 XOR
2 1 831 829 832 XOR
2 1 832 16 833 XOR
2 1 877 19 878 XOR
12 6 1607 903 833 541 864 878 893 893 539 848 296 874 894 904 834 849 865 879 MAND
2 1 888 904 905 XOR
2 1 905 908 909 XOR
1 1 909 910 INV
2 1 905 21 920 XOR
2 1 865 18 866 XOR
2 1 894 20 895 XOR
2 1 832 834 1634 XOR
2 1 815 817 1633 XOR
2 1 782 784 1631 XOR
2 1 745 747 1629 XOR
2 1 849 847 850 XOR
2 1 850 17 851 XOR
12 6 1607 920 879 895 851 541 910 910 296 891 539 866 911 921 880 896 852 867 MAND
2 1 850 852 1635 XOR
2 1 867 865 868 XOR
2 1 868 18 869 XOR
2 1 880 19 881 XOR
2 1 905 921 922 XOR
2 1 922 925 926 XOR
1 1 926 927 INV
2 1 922 22 937 XOR
2 1 911 21 912 XOR
12 6 896 937 1607 912 541 869 296 927 927 908 881 539 897 938 928 913 882 870 MAND
2 1 897 20 898 XOR
2 1 922 938 939 XOR
2 1 939 944 945 XOR
1 1 945 946 INV
2 1 939 23 956 XOR
2 1 882 880 883 XOR
2 1 928 22 929 XOR
2 1 868 870 1636 XOR
2 1 883 19 884 XOR
12 6 1607 541 956 929 913 884 946 898 946 925 296 539 947 899 957 930 914 885 MAND
2 1 899 897 900 XOR
2 1 939 957 958 XOR
2 1 958 961 962 XOR
1 1 962 963 INV
2 1 958 24 973 XOR
2 1 947 23 948 XOR
2 1 883 885 1637 XOR
2 1 900 20 901 XOR
2 1 914 21 915 XOR
12 6 541 1607 973 948 930 901 915 963 963 944 296 539 916 964 974 949 931 902 MAND
2 1 916 914 917 XOR
2 1 958 974 975 XOR
2 1 975 978 979 XOR
1 1 979 980 INV
2 1 975 25 990 XOR
2 1 931 22 932 XOR
2 1 964 24 965 XOR
2 1 917 21 918 XOR
12 6 1607 965 918 990 949 541 980 961 539 980 296 932 981 966 919 991 950 933 MAND
2 1 917 919 1639 XOR
2 1 981 25 982 XOR
2 1 975 991 992 XOR
2 1 992 995 996 XOR
1 1 996 997 INV
2 1 992 26 1007 XOR
2 1 950 23 951 XOR
2 1 933 931 934 XOR
2 1 934 22 935 XOR
12 6 1607 966 982 1007 935 541 997 296 978 997 539 951 998 967 983 1008 936 952 MAND
2 1 967 24 968 XOR
2 1 992 1008 1009 XOR
2 1 934 936 1640 XOR
2 1 1009 1012 1013 XOR
1 1 1013 1014 INV
2 1 1009 27 1024 XOR
2 1 998 26 999 XOR
2 1 952 950 953 XOR
2 1 953 23 954 XOR
12 6 999 1607 983 541 1024 954 995 1014 296 968 1014 539 1000 1015 984 969 1025 955 MAND
2 1 969 967 970 XOR
2 1 953 955 1641 XOR
2 1 1015 27 1016 XOR
2 1 1009 1025 1026 XOR
2 1 1026 1029 1030 XOR
1 1 1030 1031 INV
2 1 1026 28 1041 XOR
2 1 970 24 971 XOR
2 1 984 25 985 XOR
12 6 1000 1016 541 971 1041 1607 296 1012 985 539 1031 1031 1001 1017 986 972 1042 1032 MAND
2 1 986 984 987 XOR
2 1 987 25 988 XOR
2 1 1026 1042 1043 XOR
2 1 1043 1046 1047 XOR
1 1 1047 1048 INV
2 1 1043 29 1058 XOR
2 1 1001 26 1002 XOR
2 1 970 972 1642 XOR
2 1 1032 28 1033 XOR
12 6 1017 988 541 1058 1033 1607 296 539 1002 1048 1029 1048 1018 989 1003 1059 1034 1049 MAND
2 1 1043 1059 1060 XOR
2 1 1060 1063 1064 XOR
1 1 1064 1065 INV
2 1 1060 30 1075 XOR
2 1 1018 27 1019 XOR
2 1 987 989 1643 XOR
2 1 1003 1001 1004 XOR
2 1 1049 29 1050 XOR
2 1 1004 26 1005 XOR
12 6 541 1005 1075 1034 1050 1607 1019 539 1065 296 1046 1065 1020 1006 1076 1035 1051 1066 MAND
2 1 1060 1076 1077 XOR
2 1 1077 73 1078 XOR
2 1 1077 31 1088 XOR
2 1 1004 1006 1644 XOR
2 1 1020 1018 1021 XOR
2 1 1021 27 1022 XOR
2 1 1035 28 1036 XOR
2 1 1066 30 1067 XOR
12 6 1022 1088 541 1051 1067 1607 539 1078 1036 296 1063 1078 1023 1089 1037 1052 1068 1079 MAND
2 1 1077 1089 1090 XOR
2 1 1090 1092 1093 XOR
2 1 1090 32 1107 XOR
2 1 1021 1023 1645 XOR
2 1 1037 1035 1038 XOR
2 1 1038 28 1039 XOR
2 1 1052 29 1053 XOR
2 1 1079 31 1080 XOR
12 6 1107 1039 541 1068 1080 1607 1093 539 1053 296 74 1093 1108 1040 1054 1069 1081 1094 MAND
2 1 1090 1108 1109 XOR
2 1 1106 1109 1110 XOR
1 1 1110 1111 INV
2 1 1109 33 1124 XOR
2 1 1094 32 1095 XOR
2 1 1038 1040 1646 XOR
2 1 1054 1052 1055 XOR
2 1 1055 29 1056 XOR
2 1 1069 30 1070 XOR
12 6 1124 1056 541 1081 1095 1607 1111 539 1070 296 1096 1111 1125 1057 1071 1082 1097 1112 MAND
2 1 1109 1125 1126 XOR
2 1 1123 1126 1127 XOR
1 1 1127 1128 INV
2 1 1126 34 1142 XOR
2 1 1112 33 1113 XOR
2 1 1055 1057 1647 XOR
2 1 1071 1069 1072 XOR
2 1 1072 30 1073 XOR
2 1 1082 31 1083 XOR
12 6 1142 1073 541 1097 1106 1607 1128 539 1083 296 1113 1128 1143 1074 1084 1098 1114 1129 MAND
2 1 1126 1143 1144 XOR
2 1 1141 1144 1145 XOR
1 1 1145 1146 INV
2 1 1144 35 1159 XOR
2 1 1129 34 1130 XOR
2 1 1098 32 1099 XOR
2 1 1072 1074 1648 XOR
2 1 1084 1082 1085 XOR
2 1 1085 31 1086 XOR
12 6 1159 1086 541 1114 1123 1607 1146 539 1099 296 1130 1146 1160 1087 1100 1115 1131 1147 MAND
2 1 1144 1160 1161 XOR
2 1 1158 1161 1162 XOR
1 1 1162 1163 INV
2 1 1161 36 1176 XOR
2 1 1147 35 1148 XOR
2 1 1115 33 1116 XOR
2 1 1100 1098 1101 XOR
2 1 1101 32 1102 XOR
12 6 1176 1102 541 1131 1141 1607 1163 539 1116 296 1148 1163 1177 1103 1117 1132 1149 1164 MAND
2 1 1117 1115 1118 XOR
2 1 1161 1177 1178 XOR
2 1 1175 1178 1179 XOR
1 1 1179 1180 INV
2 1 1178 37 1193 XOR
2 1 1101 1103 1650 XOR
2 1 1164 36 1165 XOR
2 1 1132 34 1133 XOR
2 1 1118 33 1119 XOR
12 6 1193 1119 541 1149 1158 1607 1180 539 1133 296 1165 1180 1194 1120 1134 1150 1166 1181 MAND
2 1 1134 1132 1135 XOR
2 1 1150 35 1151 XOR
2 1 1135 34 1136 XOR
2 1 1178 1194 1195 XOR
2 1 1192 1195 1196 XOR
1 1 1196 1197 INV
2 1 1195 38 1210 XOR
2 1 1118 1120 1651 XOR
2 1 1181 37 1182 XOR
12 6 1210 1136 541 1166 1175 1607 1197 539 1151 296 1182 1197 1211 1137 1152 1167 1183 1198 MAND
2 1 1167 36 1168 XOR
2 1 1195 1211 1212 XOR
2 1 1209 1212 1213 XOR
1 1 1213 1214 INV
2 1 1212 39 1227 XOR
2 1 1198 38 1199 XOR
2 1 1135 1137 1652 XOR
2 1 1152 1150 1153 XOR
2 1 1153 35 1154 XOR
12 6 1227 1154 1607 541 1183 1192 1214 539 1214 1168 296 1199 1228 1155 1215 1169 1184 1200 MAND
2 1 1212 1228 1229 XOR
2 1 1226 1229 1230 XOR
1 1 1230 1231 INV
2 1 1229 40 1244 XOR
2 1 1184 37 1185 XOR
2 1 1153 1155 1653 XOR
2 1 1215 39 1216 XOR
2 1 1169 1167 1170 XOR
2 1 1170 36 1171 XOR
12 6 1244 1607 1200 1209 1171 541 1231 1231 296 1216 539 1185 1245 1232 1201 1217 1172 1186 MAND
2 1 1229 1245 1246 XOR
2 1 1243 1246 1247 XOR
1 1 1247 1248 INV
2 1 1246 41 1261 XOR
2 1 1232 40 1233 XOR
2 1 1170 1172 1654 XOR
2 1 1201 38 1202 XOR
2 1 1186 1184 1187 XOR
2 1 1187 37 1188 XOR
12 6 1261 1607 1226 1217 541 1188 1248 1248 1233 296 1202 539 1262 1249 1234 1218 1203 1189 MAND
2 1 1246 1262 1263 XOR
2 1 1260 1263 1264 XOR
1 1 1264 1265 INV
2 1 1263 42 1278 XOR
2 1 1218 39 1219 XOR
2 1 1187 1189 1655 XOR
2 1 1249 41 1250 XOR
2 1 1203 1201 1204 XOR
2 1 1204 38 1205 XOR
12 6 1607 1243 1278 1234 541 1205 1265 1250 1265 296 1219 539 1266 1251 1279 1235 1220 1206 MAND
2 1 1263 1279 1280 XOR
2 1 1277 1280 1281 XOR
1 1 1281 1282 INV
2 1 1280 43 1295 XOR
2 1 1204 1206 1656 XOR
2 1 1235 40 1236 XOR
2 1 1220 1218 1221 XOR
2 1 1221 39 1222 XOR
2 1 1266 42 1267 XOR
12 6 1251 1260 1295 1607 541 1222 296 1267 1282 1282 1236 539 1252 1268 1296 1283 1237 1223 MAND
2 1 1283 43 1284 XOR
2 1 1237 1235 1238 XOR
2 1 1280 1296 1297 XOR
2 1 1294 1297 1298 XOR
1 1 1298 1299 INV
2 1 1297 44 1312 XOR
2 1 1221 1223 1657 XOR
2 1 1252 41 1253 XOR
2 1 1238 40 1239 XOR
12 6 1607 1277 1268 1312 541 1239 1299 1284 296 1299 1253 539 1300 1285 1269 1313 1254 1240 MAND
2 1 1297 1313 1314 XOR
2 1 1311 1314 1315 XOR
1 1 1315 1316 INV
2 1 1314 45 1329 XOR
2 1 1300 44 1301 XOR
2 1 1269 42 1270 XOR
2 1 1238 1240 1658 XOR
2 1 1254 1252 1255 XOR
2 1 1255 41 1256 XOR
12 6 541 1256 1285 1294 1329 1607 1270 539 296 1301 1316 1316 1271 1257 1286 1302 1330 1317 MAND
2 1 1271 1269 1272 XOR
2 1 1272 42 1273 XOR
2 1 1314 1330 1331 XOR
2 1 1328 1331 1332 XOR
1 1 1332 1333 INV
2 1 1331 46 1347 XOR
2 1 1255 1257 1659 XOR
2 1 1286 43 1287 XOR
2 1 1317 45 1318 XOR
12 6 541 1311 1273 1607 1347 1302 1287 1318 539 1333 1333 296 1288 1319 1274 1334 1348 1303 MAND
2 1 1331 1348 1349 XOR
2 1 1346 1349 1350 XOR
1 1 1350 1351 INV
2 1 1349 47 1363 XOR
2 1 1272 1274 1660 XOR
2 1 1288 1286 1289 XOR
2 1 1289 43 1290 XOR
2 1 1334 46 1335 XOR
2 1 1303 44 1304 XOR
12 6 1607 1290 1328 1363 1319 541 1351 539 1335 1351 296 1304 1352 1291 1336 1364 1320 1305 MAND
2 1 1352 47 1353 XOR
2 1 1289 1291 1661 XOR
2 1 1349 1364 1365 XOR
2 1 1362 1365 1366 XOR
1 1 1366 1367 INV
2 1 1365 48 1379 XOR
2 1 1320 45 1321 XOR
2 1 1305 1303 1306 XOR
2 1 1306 44 1307 XOR
12 6 1336 1307 1379 1607 541 1346 296 539 1367 1367 1321 1353 1337 1308 1380 1368 1322 1354 MAND
2 1 1368 48 1369 XOR
2 1 1365 1380 1381 XOR
2 1 1378 1381 1382 XOR
1 1 1382 1383 INV
2 1 1381 49 1395 XOR
2 1 1306 1308 1662 XOR
2 1 1337 46 1338 XOR
2 1 1322 1320 1323 XOR
2 1 1323 45 1324 XOR
12 6 1362 541 1395 1607 1354 1324 1369 1338 1383 1383 296 539 1370 1339 1396 1384 1355 1325 MAND
2 1 1381 1396 1397 XOR
2 1 1394 1397 1398 XOR
1 1 1398 1399 INV
2 1 1397 50 1412 XOR
2 1 1355 47 1356 XOR
2 1 1384 49 1385 XOR
2 1 1323 1325 1663 XOR
2 1 1339 1337 1340 XOR
2 1 1340 46 1341 XOR
12 6 1378 1370 541 1341 1412 1607 1385 296 1356 539 1399 1399 1386 1371 1357 1342 1413 1400 MAND
2 1 1397 1413 1414 XOR
2 1 1411 1414 1415 XOR
1 1 1415 1416 INV
2 1 1414 51 1426 XOR
2 1 1400 50 1401 XOR
2 1 1371 48 1372 XOR
2 1 1357 1355 1358 XOR
2 1 1358 47 1359 XOR
12 6 1386 1607 1426 1394 541 1359 296 1416 1416 1401 1372 539 1387 1417 1427 1402 1373 1360 MAND
2 1 1414 1427 1428 XOR
2 1 1425 1428 1429 XOR
1 1 1429 1430 INV
2 1 1428 52 1444 XOR
2 1 1417 51 1418 XOR
2 1 1373 1371 1374 XOR
2 1 1374 48 1375 XOR
2 1 1358 1360 1665 XOR
2 1 1340 1342 1664 XOR
2 1 1387 49 1388 XOR
12 6 541 1607 1411 1375 1444 1402 1388 1430 1418 539 1430 296 1389 1431 1419 1376 1445 1403 MAND
2 1 1431 52 1432 XOR
2 1 1403 50 1404 XOR
2 1 1428 1445 1446 XOR
2 1 1443 1446 1447 XOR
1 1 1447 1448 INV
2 1 1446 53 1460 XOR
2 1 1374 1376 1666 XOR
2 1 1389 1387 1390 XOR
2 1 1390 49 1391 XOR
12 6 1607 1391 1425 1419 541 1460 1448 539 1432 296 1404 1448 1449 1392 1433 1420 1405 1461 MAND
2 1 1420 51 1421 XOR
2 1 1446 1461 1462 XOR
2 1 1459 1462 1463 XOR
1 1 1463 1464 INV
2 1 1462 54 1476 XOR
2 1 1449 53 1450 XOR
2 1 1405 1403 1406 XOR
2 1 1406 50 1407 XOR
2 1 1607 1433 1434 XOR
12 6 295 541 1607 1407 1443 1476 1434 1421 1464 539 1450 1464 1435 1422 1465 1408 1451 1477 MAND
2 1 1607 1451 1452 XOR
2 1 1462 1477 1478 XOR
2 1 1475 1478 1479 XOR
1 1 1479 1480 INV
2 1 1478 55 1492 XOR
2 1 1465 54 1466 XOR
2 1 1390 1392 1667 XOR
2 1 1422 1420 1423 XOR
2 1 1423 539 1669 XOR
2 1 1406 1408 1668 XOR
2 1 1433 1435 1436 XOR
2 1 1436 52 1437 XOR
10 5 541 1607 1459 295 1492 1437 1480 1466 1452 1480 1438 1481 1467 1453 1493 MAND
2 1 1436 1438 1439 XOR
2 1 1481 55 1482 XOR
2 1 1607 1467 1468 XOR
2 1 1451 1453 1454 XOR
2 1 1454 53 1455 XOR
2 1 1439 52 1440 XOR
2 1 1478 1493 1494 XOR
2 1 1494 56 1508 XOR
2 1 1491 1494 1495 XOR
1 1 1495 1496 INV
12 6 1607 1440 1475 295 541 1508 1496 539 1482 1468 1455 1496 1497 1441 1483 1469 1456 1509 MAND
2 1 1439 1441 1670 XOR
2 1 1607 1483 1484 XOR
2 1 1467 1469 1470 XOR
2 1 1470 54 1471 XOR
2 1 1494 1509 1510 XOR
2 1 1497 56 1498 XOR
2 1 1507 1510 1511 XOR
1 1 1511 1512 INV
2 1 1510 57 1524 XOR
10 5 1491 295 1607 541 1524 1498 1484 1512 1471 1512 1499 1485 1513 1472 1525 MAND
2 1 1510 1525 1526 XOR
2 1 1523 1526 1527 XOR
2 1 1607 1499 1500 XOR
1 1 1527 1528 INV
2 1 1513 57 1514 XOR
2 1 1483 1485 1486 XOR
2 1 1470 1472 1473 XOR
2 1 1441 1473 1672 XOR
2 1 1486 55 1487 XOR
2 1 1526 58 1540 XOR
10 5 1607 541 1507 295 1540 1528 1487 1514 1500 1528 1529 1488 1515 1501 1541 MAND
2 1 1499 1501 1502 XOR
2 1 1502 56 1503 XOR
2 1 1529 58 1530 XOR
2 1 1607 1515 1516 XOR
2 1 1526 1541 1542 XOR
2 1 1542 59 1556 XOR
2 1 1539 1542 1543 XOR
1 1 1543 1544 INV
10 5 1523 1607 295 541 1556 1530 1544 1516 1503 1544 1531 1545 1517 1504 1557 MAND
2 1 1542 1557 1558 XOR
2 1 1555 1558 1559 XOR
1 1 1559 1560 INV
2 1 1558 60 1572 XOR
2 1 1607 1531 1532 XOR
2 1 1515 1517 1518 XOR
2 1 1518 57 1519 XOR
2 1 1545 59 1546 XOR
2 1 1502 1504 1505 XOR
2 1 1441 1505 1674 XOR
10 5 295 1607 1539 541 1572 1532 1560 1546 1519 1560 1533 1561 1547 1520 1573 MAND
2 1 1561 60 1562 XOR
2 1 1531 1533 1534 XOR
2 1 1518 1520 1521 XOR
2 1 1534 58 1535 XOR
2 1 1558 1573 1574 XOR
2 1 1571 1574 1575 XOR
1 1 1575 1576 INV
2 1 1441 1521 1675 XOR
2 1 1607 1547 1548 XOR
2 1 1574 61 1588 XOR
10 5 1607 541 1555 295 1588 1576 1535 1562 1548 1576 1577 1536 1563 1549 1589 MAND
2 1 1607 1563 1564 XOR
2 1 1577 61 1578 XOR
2 1 1547 1549 1550 XOR
2 1 1550 59 1551 XOR
2 1 1574 1589 1590 XOR
2 1 1590 1592 1593 XOR
2 1 1534 1536 1537 XOR
2 1 1590 62 1602 XOR
10 5 1571 295 1607 541 1602 1578 1564 1593 1551 1593 1579 1565 1594 1552 1603 MAND
2 1 1607 1579 1580 XOR
2 1 1590 1603 1604 XOR
2 1 1550 1552 1553 XOR
2 1 1441 1553 1677 XOR
2 1 1601 1604 1605 XOR
2 1 1563 1565 1566 XOR
2 1 1566 60 1567 XOR
1 1 1605 1606 INV
2 1 1594 62 1595 XOR
8 4 1606 541 1587 295 1607 1567 1595 1580 1608 1568 1596 1581 MAND
2 1 1579 1581 1582 XOR
2 1 1566 1568 1569 XOR
2 1 1441 1569 1678 XOR
2 1 1582 61 1583 XOR
2 1 1454 1456 1457 XOR
2 1 1441 1457 1671 XOR
2 1 1441 1537 1676 XOR
2 1 1486 1488 1489 XOR
2 1 1441 1489 1673 XOR
2 1 1085 1087 1649 XOR
1 1 1608 1609 INV
2 1 1609 63 1610 XOR
1 1 1610 1611 INV
2 1 1611 63 1612 XOR
6 3 295 1596 541 1612 296 1583 1613 1597 1584 MAND
2 1 1597 62 1598 XOR
2 1 1582 1584 1585 XOR
2 1 1613 1611 1614 XOR
2 1 1614 63 1615 XOR
4 2 541 541 1615 1598 1616 1599 MAND
2 1 1599 1597 1600 XOR
2 1 1614 1616 1617 XOR
2 1 1441 1617 1681 XOR
2 1 1441 1600 1680 XOR
2 1 1441 1585 1679 XOR
2 1 900 902 1638 XOR
2 1 653 655 1624 XOR


