1033 1677
1 64 
1 64 

2 1 54 55 64 XOR
1 1 64 65 INV
1 1 61 84 INV
1 1 62 85 INV
1 1 59 89 INV
1 1 60 90 INV
1 1 57 97 INV
1 1 58 98 INV
1 1 55 102 INV
1 1 56 103 INV
1 1 54 113 INV
1 1 50 332 INV
1 1 51 333 INV
1 1 48 337 INV
1 1 49 338 INV
1 1 46 345 INV
1 1 47 346 INV
1 1 44 350 INV
1 1 45 351 INV
1 1 42 358 INV
1 1 43 359 INV
1 1 40 363 INV
1 1 41 364 INV
1 1 38 374 INV
1 1 39 375 INV
1 1 36 379 INV
1 1 37 380 INV
1 1 34 387 INV
1 1 35 388 INV
1 1 32 392 INV
1 1 33 393 INV
1 1 30 409 INV
1 1 31 410 INV
1 1 28 414 INV
1 1 29 415 INV
1 1 26 422 INV
1 1 27 423 INV
1 1 24 427 INV
1 1 25 428 INV
1 1 22 438 INV
1 1 23 439 INV
1 1 20 443 INV
1 1 21 444 INV
1 1 18 451 INV
1 1 19 452 INV
1 1 16 456 INV
1 1 17 457 INV
1 1 14 470 INV
1 1 15 471 INV
1 1 12 475 INV
1 1 13 476 INV
1 1 10 483 INV
1 1 11 484 INV
1 1 8 488 INV
1 1 9 489 INV
1 1 6 499 INV
1 1 7 500 INV
1 1 4 504 INV
1 1 5 505 INV
1 1 2 512 INV
1 1 3 513 INV
1 1 0 517 INV
1 1 1 518 INV
1 1 53 565 INV
1 1 52 619 INV
136 68 52 84 89 97 102 113 113 58 56 54 332 338 337 346 345 351 350 359 358 364 363 375 374 380 379 388 387 393 392 410 409 415 414 423 422 428 427 439 438 444 443 452 451 457 456 471 470 476 475 484 483 489 488 500 499 505 504 513 512 518 517 60 113 565 565 333 619 565 53 85 90 98 103 64 65 59 57 55 333 332 338 337 346 345 351 350 359 358 364 363 375 374 380 379 388 387 393 392 410 409 415 414 423 422 428 427 439 438 444 443 452 451 457 456 471 470 476 475 484 483 489 488 500 499 505 504 513 512 518 61 53 113 52 619 53 619 75 86 91 99 104 69 66 278 279 281 334 123 339 126 347 138 352 141 360 147 365 150 376 159 381 162 389 168 394 171 411 186 416 189 424 195 429 198 440 207 445 210 453 216 458 219 472 231 477 234 485 240 490 243 501 252 506 255 514 261 519 536 547 114 566 117 620 731 MAND
2 1 75 54 299 XOR
1 1 75 300 INV
1 1 91 92 INV
1 1 92 93 INV
1 1 334 335 INV
1 1 335 336 INV
1 1 123 124 INV
1 1 124 125 INV
1 1 339 340 INV
1 1 340 341 INV
1 1 86 87 INV
1 1 126 127 INV
1 1 127 128 INV
1 1 347 348 INV
1 1 348 349 INV
1 1 87 88 INV
1 1 138 139 INV
1 1 139 140 INV
1 1 352 353 INV
1 1 353 354 INV
1 1 99 100 INV
1 1 100 101 INV
1 1 141 142 INV
1 1 142 143 INV
1 1 360 361 INV
1 1 361 362 INV
1 1 147 148 INV
1 1 148 149 INV
1 1 365 366 INV
1 1 366 367 INV
1 1 104 105 INV
1 1 150 151 INV
1 1 151 152 INV
1 1 376 377 INV
1 1 377 378 INV
1 1 105 106 INV
1 1 159 160 INV
1 1 160 161 INV
1 1 381 382 INV
1 1 382 383 INV
1 1 162 163 INV
1 1 163 164 INV
1 1 389 390 INV
1 1 390 391 INV
1 1 168 169 INV
1 1 169 170 INV
1 1 394 395 INV
1 1 395 396 INV
1 1 171 172 INV
1 1 172 173 INV
1 1 411 412 INV
1 1 412 413 INV
2 1 69 54 70 XOR
1 1 186 187 INV
1 1 187 188 INV
1 1 416 417 INV
1 1 417 418 INV
2 1 66 56 67 XOR
1 1 189 190 INV
1 1 190 191 INV
1 1 424 425 INV
1 1 425 426 INV
1 1 67 68 INV
1 1 195 196 INV
1 1 196 197 INV
1 1 429 430 INV
1 1 430 431 INV
1 1 198 199 INV
1 1 199 200 INV
1 1 440 441 INV
1 1 441 442 INV
1 1 207 208 INV
1 1 208 209 INV
1 1 445 446 INV
1 1 446 447 INV
1 1 210 211 INV
1 1 211 212 INV
1 1 453 454 INV
1 1 454 455 INV
1 1 216 217 INV
1 1 217 218 INV
1 1 458 459 INV
1 1 459 460 INV
1 1 219 220 INV
1 1 220 221 INV
1 1 472 473 INV
1 1 473 474 INV
1 1 231 232 INV
1 1 232 233 INV
1 1 477 478 INV
1 1 478 479 INV
1 1 234 235 INV
1 1 235 236 INV
1 1 485 486 INV
1 1 486 487 INV
1 1 240 241 INV
1 1 241 242 INV
1 1 490 491 INV
1 1 491 492 INV
1 1 243 244 INV
1 1 244 245 INV
1 1 501 502 INV
1 1 502 503 INV
1 1 252 253 INV
1 1 253 254 INV
1 1 506 507 INV
1 1 507 508 INV
1 1 255 256 INV
1 1 256 257 INV
1 1 514 515 INV
1 1 515 516 INV
1 1 261 262 INV
1 1 262 263 INV
1 1 519 520 INV
1 1 520 521 INV
1 1 114 115 INV
1 1 115 116 INV
2 1 566 53 567 XOR
1 1 117 118 INV
1 1 118 119 INV
92 46 88 101 68 113 278 75 299 336 125 349 140 362 149 378 161 391 170 413 188 426 197 442 209 455 218 474 233 487 242 503 254 263 516 536 65 113 68 116 620 566 68 113 566 113 75 731 93 106 70 75 279 281 300 341 128 354 143 367 152 383 164 396 173 418 191 431 200 447 212 460 221 479 236 492 245 508 257 517 521 62 547 567 66 119 54 54 65 620 113 731 54 54 94 107 71 76 280 282 301 342 129 355 144 368 153 384 165 397 174 419 192 432 201 448 213 461 222 480 237 493 246 509 258 264 522 537 548 568 586 120 621 640 659 693 712 732 751 940 MAND
1 1 107 108 INV
1 1 108 109 INV
1 1 94 95 INV
1 1 165 166 INV
1 1 166 167 INV
1 1 397 398 INV
1 1 398 399 INV
1 1 342 343 INV
1 1 343 344 INV
1 1 174 175 INV
1 1 175 176 INV
1 1 95 96 INV
1 1 129 130 INV
1 1 419 420 INV
1 1 420 421 INV
1 1 130 131 INV
1 1 192 193 INV
1 1 193 194 INV
1 1 432 433 INV
1 1 433 434 INV
2 1 71 66 72 XOR
2 1 72 57 73 XOR
1 1 201 202 INV
1 1 202 203 INV
1 1 355 356 INV
1 1 73 74 INV
1 1 356 357 INV
1 1 448 449 INV
1 1 449 450 INV
1 1 213 214 INV
1 1 214 215 INV
1 1 144 145 INV
1 1 145 146 INV
1 1 461 462 INV
1 1 462 463 INV
1 1 222 223 INV
1 1 223 224 INV
1 1 480 481 INV
1 1 481 482 INV
1 1 368 369 INV
1 1 237 238 INV
1 1 238 239 INV
1 1 369 370 INV
1 1 493 494 INV
1 1 494 495 INV
1 1 246 247 INV
1 1 247 248 INV
1 1 153 154 INV
1 1 154 155 INV
1 1 509 510 INV
1 1 510 511 INV
1 1 258 259 INV
1 1 259 260 INV
1 1 264 265 INV
1 1 265 266 INV
1 1 522 523 INV
1 1 523 524 INV
2 1 301 75 302 XOR
1 1 302 304 INV
2 1 302 55 303 XOR
2 1 66 282 602 XOR
1 1 384 385 INV
1 1 385 386 INV
1 1 120 121 INV
1 1 121 122 INV
80 40 96 65 280 303 357 146 386 167 421 194 450 215 482 239 260 511 68 65 74 68 122 621 640 74 76 693 712 732 751 621 640 74 65 65 72 67 940 65 68 940 109 76 282 304 370 155 399 176 434 203 463 224 495 248 266 524 548 568 586 602 131 65 65 659 64 64 64 64 64 64 64 68 693 712 74 282 65 732 282 64 110 77 283 305 371 156 400 177 435 204 464 225 496 249 267 525 549 569 587 603 132 622 641 660 675 694 713 733 752 770 788 806 838 856 874 889 941 1138 1156 1343 MAND
2 1 305 302 306 XOR
2 1 306 56 307 XOR
1 1 435 436 INV
1 1 436 437 INV
1 1 204 205 INV
1 1 205 206 INV
1 1 400 401 INV
1 1 401 402 INV
1 1 464 465 INV
1 1 465 466 INV
1 1 225 226 INV
1 1 226 227 INV
1 1 110 111 INV
1 1 111 112 INV
1 1 177 178 INV
1 1 178 179 INV
1 1 371 372 INV
1 1 372 373 INV
1 1 496 497 INV
1 1 497 498 INV
2 1 283 60 284 XOR
1 1 249 250 INV
1 1 250 251 INV
1 1 284 285 INV
1 1 307 308 INV
1 1 156 157 INV
1 1 157 158 INV
1 1 267 268 INV
1 1 268 269 INV
1 1 525 526 INV
1 1 526 527 INV
1 1 132 133 INV
1 1 133 134 INV
2 1 622 602 623 XOR
2 1 641 623 642 XOR
2 1 675 65 676 XOR
2 1 694 676 695 XOR
2 1 713 695 714 XOR
2 1 733 714 734 XOR
2 1 752 734 753 XOR
2 1 770 753 771 XOR
2 1 788 771 789 XOR
2 1 72 889 890 XOR
110 55 68 285 306 1343 373 158 437 206 251 498 537 74 68 74 112 68 68 68 68 68 68 68 68 68 77 838 67 74 67 67 67 675 694 713 733 752 770 788 68 68 68 73 68 68 68 675 694 713 733 752 770 889 788 1343 67 77 283 308 67 402 179 466 227 269 527 283 549 569 603 134 623 642 676 695 714 734 753 771 789 67 67 856 890 622 641 941 67 67 67 67 67 67 67 838 856 1138 1156 622 641 941 68 68 68 68 68 68 73 68 68 1138 78 286 309 1591 403 180 467 228 270 528 538 550 570 604 135 624 643 677 696 715 735 754 772 790 821 839 857 891 906 923 942 959 976 993 1010 1027 1044 1061 1104 1121 1139 1157 1173 1190 1207 1224 1241 1258 1275 1292 1309 1424 1326 1344 1409 MAND
1 1 467 468 INV
1 1 468 469 INV
1 1 228 229 INV
1 1 229 230 INV
1 1 78 1091 INV
1 1 180 181 INV
1 1 181 182 INV
2 1 286 61 287 XOR
1 1 287 288 INV
2 1 309 57 310 XOR
1 1 270 271 INV
1 1 271 272 INV
1 1 528 529 INV
1 1 529 530 INV
1 1 310 311 INV
1 1 135 136 INV
1 1 136 137 INV
2 1 821 68 822 XOR
2 1 839 822 840 XOR
2 1 857 840 858 XOR
1 1 403 404 INV
1 1 404 405 INV
2 1 906 890 907 XOR
2 1 923 907 924 XOR
2 1 942 924 943 XOR
2 1 959 943 960 XOR
2 1 976 960 977 XOR
2 1 993 977 994 XOR
2 1 1010 994 1011 XOR
2 1 1027 1011 1028 XOR
2 1 1044 1028 1045 XOR
2 1 1061 1045 1062 XOR
120 60 74 976 288 311 1591 1010 344 1061 1044 993 230 469 1409 1027 74 959 923 137 74 74 74 74 74 74 74 74 74 74 74 74 857 74 74 942 74 906 74 74 74 74 74 74 74 73 73 73 73 839 73 73 73 73 73 73 73 73 73 73 73 821 78 73 286 309 73 73 405 73 73 73 272 530 73 73 570 73 73 182 624 643 677 696 715 735 754 772 790 822 840 858 73 907 924 73 943 73 960 977 994 1011 1028 1045 1062 1091 1104 1121 1139 73 1173 1190 1207 1224 1241 1258 1275 1292 1309 1326 1344 73 79 1506 289 312 1592 1538 406 1586 1570 1522 273 531 1410 1554 571 1490 1458 183 625 644 678 697 716 736 755 773 791 823 841 859 1393 908 925 1474 944 1442 961 978 995 1012 1029 1046 1063 1092 1105 1122 1140 1377 1174 1191 1208 1225 1242 1259 1276 1293 1310 1327 1345 1361 MAND
1 1 406 407 INV
2 1 289 62 290 XOR
2 1 312 58 313 XOR
1 1 407 408 INV
1 1 273 274 INV
1 1 274 275 INV
1 1 79 80 INV
1 1 531 532 INV
1 1 532 533 INV
1 1 289 291 INV
1 1 183 184 INV
1 1 184 185 INV
1 1 312 314 INV
1 1 1092 1096 INV
2 1 1105 1096 1106 XOR
2 1 1122 1106 1123 XOR
2 1 1123 1140 1141 XOR
2 1 1141 1157 1158 XOR
2 1 1158 1174 1175 XOR
2 1 1191 1175 1192 XOR
2 1 1192 1208 1209 XOR
2 1 1225 1209 1226 XOR
2 1 1242 1226 1243 XOR
2 1 1243 1259 1260 XOR
2 1 1276 1260 1277 XOR
2 1 1293 1277 1294 XOR
2 1 1294 1310 1311 XOR
2 1 1311 1327 1328 XOR
2 1 1328 1345 1346 XOR
2 1 1346 1361 1362 XOR
2 1 1362 1377 1378 XOR
2 1 1393 1378 1394 XOR
2 1 1410 1394 1411 XOR
2 1 1411 1424 1425 XOR
2 1 1442 1425 1443 XOR
2 1 1458 1443 1459 XOR
2 1 1474 1459 1475 XOR
2 1 1490 1475 1491 XOR
2 1 1506 1491 1507 XOR
2 1 1522 1507 1523 XOR
2 1 1523 1538 1539 XOR
2 1 1554 1539 1555 XOR
12 6 80 290 313 408 80 185 63 291 314 533 0 275 81 292 315 534 546 276 MAND
2 1 315 312 316 XOR
2 1 316 59 317 XOR
1 1 534 535 INV
2 1 546 550 551 XOR
1 1 551 552 INV
2 1 546 1 562 XOR
1 1 276 277 INV
1 1 316 318 INV
2 1 81 0 82 XOR
2 1 1570 1555 1571 XOR
2 1 1571 1586 1587 XOR
2 1 1587 1592 1606 XOR
2 1 292 289 293 XOR
1 1 293 294 INV
12 6 82 317 535 552 562 277 79 318 538 63 552 294 83 319 539 553 563 295 MAND
2 1 319 316 320 XOR
1 1 539 540 INV
2 1 553 1 554 XOR
2 1 546 563 564 XOR
2 1 564 571 572 XOR
1 1 572 573 INV
2 1 564 2 583 XOR
2 1 320 60 321 XOR
1 1 295 296 INV
1 1 320 322 INV
10 5 321 554 573 583 83 322 550 63 573 296 323 555 574 584 297 MAND
2 1 574 2 575 XOR
2 1 564 584 585 XOR
2 1 585 587 588 XOR
1 1 588 589 INV
2 1 585 3 599 XOR
2 1 323 320 324 XOR
2 1 297 0 298 XOR
2 1 324 61 325 XOR
1 1 324 326 INV
10 5 325 575 589 599 555 326 571 63 589 296 327 576 590 600 556 MAND
2 1 327 324 328 XOR
2 1 590 3 591 XOR
2 1 585 600 601 XOR
2 1 601 604 605 XOR
1 1 605 606 INV
2 1 601 4 616 XOR
2 1 556 1 557 XOR
2 1 328 62 329 XOR
1 1 329 330 INV
10 5 328 591 606 616 576 330 587 63 606 296 331 592 607 617 577 MAND
2 1 607 4 608 XOR
2 1 601 617 618 XOR
2 1 577 2 578 XOR
2 1 618 625 626 XOR
1 1 626 627 INV
2 1 618 5 637 XOR
10 5 331 608 592 627 637 540 604 296 63 627 541 609 593 628 638 MAND
2 1 593 3 594 XOR
2 1 628 5 629 XOR
2 1 618 638 639 XOR
2 1 639 644 645 XOR
1 1 645 646 INV
2 1 639 6 656 XOR
16 8 541 541 298 609 541 629 646 656 594 557 541 296 578 625 63 646 595 558 542 610 579 630 647 657 MAND
2 1 595 593 596 XOR
2 1 596 3 597 XOR
2 1 558 556 559 XOR
2 1 559 1 560 XOR
2 1 542 297 543 XOR
2 1 543 0 544 XOR
2 1 610 4 611 XOR
2 1 579 577 580 XOR
2 1 580 2 581 XOR
2 1 647 6 648 XOR
2 1 639 657 658 XOR
2 1 658 660 661 XOR
1 1 661 662 INV
2 1 658 7 672 XOR
18 9 597 560 541 544 581 630 648 662 672 539 539 611 539 539 296 644 63 662 598 561 612 545 582 631 649 663 673 MAND
2 1 596 598 1616 XOR
2 1 559 561 1614 XOR
2 1 612 610 613 XOR
2 1 613 4 614 XOR
2 1 580 582 1615 XOR
2 1 543 545 1613 XOR
2 1 631 5 632 XOR
2 1 663 7 664 XOR
2 1 658 673 674 XOR
2 1 674 678 679 XOR
1 1 679 680 INV
2 1 674 8 690 XOR
12 6 614 541 649 664 680 690 539 632 296 660 63 680 615 633 650 665 681 691 MAND
2 1 613 615 1617 XOR
2 1 633 631 634 XOR
2 1 634 5 635 XOR
2 1 650 6 651 XOR
2 1 681 8 682 XOR
2 1 674 691 692 XOR
2 1 692 697 698 XOR
1 1 698 699 INV
2 1 692 9 709 XOR
12 6 635 541 665 682 699 709 539 651 296 678 63 699 636 652 666 683 700 710 MAND
2 1 634 636 1618 XOR
2 1 652 650 653 XOR
2 1 653 6 654 XOR
2 1 666 7 667 XOR
2 1 700 9 701 XOR
2 1 692 710 711 XOR
2 1 711 716 717 XOR
1 1 717 718 INV
2 1 711 10 728 XOR
12 6 654 541 683 701 718 728 539 667 296 697 63 718 655 668 684 702 719 729 MAND
2 1 653 655 1619 XOR
2 1 668 666 669 XOR
2 1 669 7 670 XOR
2 1 684 8 685 XOR
2 1 719 10 720 XOR
2 1 711 729 730 XOR
2 1 730 736 737 XOR
1 1 737 738 INV
2 1 730 11 748 XOR
12 6 670 541 702 720 738 748 539 685 296 716 63 738 671 686 703 721 739 749 MAND
2 1 669 671 1620 XOR
2 1 686 684 687 XOR
2 1 687 8 688 XOR
2 1 703 9 704 XOR
2 1 739 11 740 XOR
2 1 730 749 750 XOR
2 1 750 755 756 XOR
1 1 756 757 INV
2 1 750 12 767 XOR
12 6 688 541 721 740 757 767 539 704 296 736 63 757 689 705 722 741 758 768 MAND
2 1 687 689 1621 XOR
2 1 705 703 706 XOR
2 1 706 9 707 XOR
2 1 722 10 723 XOR
2 1 758 12 759 XOR
2 1 750 768 769 XOR
2 1 769 773 774 XOR
1 1 774 775 INV
2 1 769 13 785 XOR
12 6 707 541 741 759 775 785 539 723 296 755 63 775 708 724 742 760 776 786 MAND
2 1 706 708 1622 XOR
2 1 724 722 725 XOR
2 1 725 10 726 XOR
2 1 742 11 743 XOR
2 1 776 13 777 XOR
2 1 769 786 787 XOR
2 1 787 791 792 XOR
1 1 792 793 INV
2 1 787 14 803 XOR
12 6 726 541 760 777 793 803 539 743 296 773 63 793 727 744 761 778 794 804 MAND
2 1 725 727 1623 XOR
2 1 744 742 745 XOR
2 1 745 11 746 XOR
2 1 761 12 762 XOR
2 1 794 14 795 XOR
2 1 787 804 805 XOR
2 1 805 806 807 XOR
1 1 807 808 INV
2 1 805 15 818 XOR
12 6 746 541 778 795 808 818 539 762 296 791 63 808 747 763 779 796 809 819 MAND
2 1 745 747 1624 XOR
2 1 763 761 764 XOR
2 1 764 12 765 XOR
2 1 779 13 780 XOR
2 1 809 15 810 XOR
2 1 805 819 820 XOR
2 1 820 823 824 XOR
1 1 824 825 INV
2 1 820 16 835 XOR
12 6 765 541 796 810 825 835 539 780 296 806 63 825 766 781 797 811 826 836 MAND
2 1 764 766 1625 XOR
2 1 781 779 782 XOR
2 1 782 13 783 XOR
2 1 797 14 798 XOR
2 1 826 16 827 XOR
2 1 820 836 837 XOR
2 1 837 841 842 XOR
1 1 842 843 INV
2 1 837 17 853 XOR
12 6 783 541 811 827 843 853 539 798 296 823 63 843 784 799 812 828 844 854 MAND
2 1 782 784 1626 XOR
2 1 799 797 800 XOR
2 1 800 14 801 XOR
2 1 812 15 813 XOR
2 1 844 17 845 XOR
2 1 837 854 855 XOR
2 1 855 859 860 XOR
1 1 860 861 INV
2 1 855 18 871 XOR
12 6 801 541 828 845 861 871 539 813 296 841 63 861 802 814 829 846 862 872 MAND
2 1 800 802 1627 XOR
2 1 814 812 815 XOR
2 1 815 15 816 XOR
2 1 829 16 830 XOR
2 1 862 18 863 XOR
2 1 855 872 873 XOR
2 1 873 874 875 XOR
1 1 875 876 INV
2 1 873 19 886 XOR
12 6 816 541 846 863 876 886 539 830 296 859 63 876 817 831 847 864 877 887 MAND
2 1 815 817 1628 XOR
2 1 831 829 832 XOR
2 1 832 16 833 XOR
2 1 847 17 848 XOR
2 1 877 19 878 XOR
2 1 873 887 888 XOR
2 1 888 891 892 XOR
1 1 892 893 INV
2 1 888 20 903 XOR
12 6 833 541 864 878 893 903 539 848 296 874 63 893 834 849 865 879 894 904 MAND
2 1 832 834 1629 XOR
2 1 849 847 850 XOR
2 1 850 17 851 XOR
2 1 865 18 866 XOR
2 1 894 20 895 XOR
2 1 888 904 905 XOR
2 1 905 908 909 XOR
1 1 909 910 INV
2 1 905 21 920 XOR
12 6 851 541 879 895 910 920 539 866 296 891 63 910 852 867 880 896 911 921 MAND
2 1 850 852 1630 XOR
2 1 867 865 868 XOR
2 1 868 18 869 XOR
2 1 880 19 881 XOR
2 1 911 21 912 XOR
2 1 905 921 922 XOR
2 1 922 925 926 XOR
1 1 926 927 INV
2 1 922 22 937 XOR
12 6 869 541 896 912 927 937 539 881 296 908 63 927 870 882 897 913 928 938 MAND
2 1 868 870 1631 XOR
2 1 882 880 883 XOR
2 1 883 19 884 XOR
2 1 897 20 898 XOR
2 1 928 22 929 XOR
2 1 922 938 939 XOR
2 1 939 944 945 XOR
1 1 945 946 INV
2 1 939 23 956 XOR
12 6 884 541 913 929 946 956 539 898 296 925 63 946 885 899 914 930 947 957 MAND
2 1 883 885 1632 XOR
2 1 899 897 900 XOR
2 1 900 20 901 XOR
2 1 914 21 915 XOR
2 1 947 23 948 XOR
2 1 939 957 958 XOR
2 1 958 961 962 XOR
1 1 962 963 INV
2 1 958 24 973 XOR
12 6 901 541 930 948 963 973 539 915 296 944 63 963 902 916 931 949 964 974 MAND
2 1 900 902 1633 XOR
2 1 916 914 917 XOR
2 1 917 21 918 XOR
2 1 931 22 932 XOR
2 1 964 24 965 XOR
2 1 958 974 975 XOR
2 1 975 978 979 XOR
1 1 979 980 INV
2 1 975 25 990 XOR
12 6 918 541 949 965 980 990 539 932 296 961 63 980 919 933 950 966 981 991 MAND
2 1 917 919 1634 XOR
2 1 933 931 934 XOR
2 1 934 22 935 XOR
2 1 950 23 951 XOR
2 1 981 25 982 XOR
2 1 975 991 992 XOR
2 1 992 995 996 XOR
1 1 996 997 INV
2 1 992 26 1007 XOR
12 6 935 541 966 982 997 1007 539 951 296 978 63 997 936 952 967 983 998 1008 MAND
2 1 934 936 1635 XOR
2 1 952 950 953 XOR
2 1 953 23 954 XOR
2 1 967 24 968 XOR
2 1 998 26 999 XOR
2 1 992 1008 1009 XOR
2 1 1009 1012 1013 XOR
1 1 1013 1014 INV
2 1 1009 27 1024 XOR
12 6 954 541 983 999 1014 1024 539 968 296 995 63 1014 955 969 984 1000 1015 1025 MAND
2 1 953 955 1636 XOR
2 1 969 967 970 XOR
2 1 970 24 971 XOR
2 1 984 25 985 XOR
2 1 1015 27 1016 XOR
2 1 1009 1025 1026 XOR
2 1 1026 1029 1030 XOR
1 1 1030 1031 INV
2 1 1026 28 1041 XOR
12 6 971 541 1000 1016 1031 1041 539 985 296 1012 63 1031 972 986 1001 1017 1032 1042 MAND
2 1 970 972 1637 XOR
2 1 986 984 987 XOR
2 1 987 25 988 XOR
2 1 1001 26 1002 XOR
2 1 1032 28 1033 XOR
2 1 1026 1042 1043 XOR
2 1 1043 1046 1047 XOR
1 1 1047 1048 INV
2 1 1043 29 1058 XOR
12 6 988 541 1017 1033 1048 1058 539 1002 296 1029 63 1048 989 1003 1018 1034 1049 1059 MAND
2 1 987 989 1638 XOR
2 1 1003 1001 1004 XOR
2 1 1004 26 1005 XOR
2 1 1018 27 1019 XOR
2 1 1049 29 1050 XOR
2 1 1043 1059 1060 XOR
2 1 1060 30 1075 XOR
2 1 1060 1063 1064 XOR
1 1 1064 1065 INV
12 6 1005 541 1034 1050 1065 1075 539 1019 296 1046 63 1065 1006 1020 1035 1051 1066 1076 MAND
2 1 1066 30 1067 XOR
2 1 1060 1076 1077 XOR
2 1 1077 31 1088 XOR
2 1 1077 73 1078 XOR
2 1 1004 1006 1639 XOR
2 1 1020 1018 1021 XOR
2 1 1021 27 1022 XOR
2 1 1035 28 1036 XOR
12 6 1022 541 1051 1067 1078 1088 539 1036 296 1063 63 1078 1023 1037 1052 1068 1079 1089 MAND
2 1 1077 1089 1090 XOR
2 1 1090 32 1107 XOR
2 1 1090 1092 1093 XOR
2 1 1079 31 1080 XOR
2 1 1021 1023 1640 XOR
2 1 1037 1035 1038 XOR
2 1 1038 28 1039 XOR
2 1 1052 29 1053 XOR
12 6 1039 541 1068 1080 1093 1107 539 1053 296 74 63 1093 1040 1054 1069 1081 1094 1108 MAND
2 1 1069 30 1070 XOR
2 1 1090 1108 1109 XOR
2 1 1109 33 1124 XOR
2 1 1106 1109 1110 XOR
1 1 1110 1111 INV
2 1 1094 32 1095 XOR
2 1 1038 1040 1641 XOR
2 1 1054 1052 1055 XOR
2 1 1055 29 1056 XOR
12 6 1056 541 1081 1095 1111 1124 539 1070 296 1096 63 1111 1057 1071 1082 1097 1112 1125 MAND
2 1 1082 31 1083 XOR
2 1 1109 1125 1126 XOR
2 1 1126 34 1142 XOR
2 1 1112 33 1113 XOR
2 1 1123 1126 1127 XOR
2 1 1071 1069 1072 XOR
1 1 1127 1128 INV
2 1 1072 30 1073 XOR
12 6 1073 541 1097 1106 1128 1142 539 1083 296 1113 63 1128 1074 1084 1098 1114 1129 1143 MAND
2 1 1129 34 1130 XOR
2 1 1126 1143 1144 XOR
2 1 1144 35 1159 XOR
2 1 1098 32 1099 XOR
2 1 1141 1144 1145 XOR
1 1 1145 1146 INV
2 1 1072 1074 1643 XOR
2 1 1084 1082 1085 XOR
2 1 1085 31 1086 XOR
12 6 1086 541 1114 1123 1146 1159 539 1099 296 1130 63 1146 1087 1100 1115 1131 1147 1160 MAND
2 1 1144 1160 1161 XOR
2 1 1161 36 1176 XOR
2 1 1085 1087 1644 XOR
2 1 1147 35 1148 XOR
2 1 1115 33 1116 XOR
2 1 1100 1098 1101 XOR
2 1 1101 32 1102 XOR
2 1 1158 1161 1162 XOR
1 1 1162 1163 INV
12 6 1102 541 1131 1141 1163 1176 539 1116 296 1148 63 1163 1103 1117 1132 1149 1164 1177 MAND
2 1 1164 36 1165 XOR
2 1 1117 1115 1118 XOR
2 1 1101 1103 1645 XOR
2 1 1161 1177 1178 XOR
2 1 1175 1178 1179 XOR
2 1 1178 37 1193 XOR
1 1 1179 1180 INV
2 1 1132 34 1133 XOR
2 1 1118 33 1119 XOR
12 6 1119 541 1149 1193 1158 1180 539 1133 296 1180 1165 63 1120 1134 1150 1194 1166 1181 MAND
2 1 1181 37 1182 XOR
2 1 1118 1120 1646 XOR
2 1 1178 1194 1195 XOR
2 1 1192 1195 1196 XOR
1 1 1196 1197 INV
2 1 1195 38 1210 XOR
2 1 1134 1132 1135 XOR
2 1 1135 34 1136 XOR
2 1 1150 35 1151 XOR
12 6 1210 1197 1136 1175 541 1166 1197 63 539 1182 1151 296 1211 1198 1137 1183 1152 1167 MAND
2 1 1198 38 1199 XOR
2 1 1152 1150 1153 XOR
2 1 1153 35 1154 XOR
2 1 1135 1137 1647 XOR
2 1 1167 36 1168 XOR
2 1 1195 1211 1212 XOR
2 1 1209 1212 1213 XOR
1 1 1213 1214 INV
2 1 1212 39 1227 XOR
12 6 1227 1214 1183 1192 1154 541 1214 63 296 1199 539 1168 1228 1215 1184 1200 1155 1169 MAND
2 1 1169 1167 1170 XOR
2 1 1184 37 1185 XOR
2 1 1212 1228 1229 XOR
2 1 1229 40 1244 XOR
2 1 1226 1229 1230 XOR
1 1 1230 1231 INV
2 1 1215 39 1216 XOR
2 1 1170 36 1171 XOR
12 6 1244 1231 1209 1200 541 1171 1231 63 1216 296 1185 539 1245 1232 1217 1201 1186 1172 MAND
2 1 1186 1184 1187 XOR
2 1 1229 1245 1246 XOR
2 1 1246 41 1261 XOR
2 1 1243 1246 1247 XOR
1 1 1247 1248 INV
2 1 1187 37 1188 XOR
2 1 1201 38 1202 XOR
2 1 1232 40 1233 XOR
12 6 1261 1248 1226 1217 541 1188 1248 63 1233 296 1202 539 1262 1249 1234 1218 1203 1189 MAND
2 1 1187 1189 1650 XOR
2 1 1246 1262 1263 XOR
2 1 1260 1263 1264 XOR
1 1 1264 1265 INV
2 1 1249 41 1250 XOR
2 1 1203 1201 1204 XOR
2 1 1263 42 1278 XOR
2 1 1204 38 1205 XOR
2 1 1170 1172 1649 XOR
2 1 1153 1155 1648 XOR
2 1 1055 1057 1642 XOR
2 1 1218 39 1219 XOR
12 6 1278 1265 1243 1234 541 1205 1265 63 1250 296 1219 539 1279 1266 1251 1235 1220 1206 MAND
2 1 1266 42 1267 XOR
2 1 1235 40 1236 XOR
2 1 1220 1218 1221 XOR
2 1 1221 39 1222 XOR
2 1 1204 1206 1651 XOR
2 1 1263 1279 1280 XOR
2 1 1280 43 1295 XOR
2 1 1277 1280 1281 XOR
1 1 1281 1282 INV
12 6 1295 1282 1260 1251 541 1222 1282 63 1267 296 1236 539 1296 1283 1268 1252 1237 1223 MAND
2 1 1280 1296 1297 XOR
2 1 1283 43 1284 XOR
2 1 1252 41 1253 XOR
2 1 1294 1297 1298 XOR
2 1 1237 1235 1238 XOR
2 1 1238 40 1239 XOR
1 1 1298 1299 INV
2 1 1221 1223 1652 XOR
2 1 1297 44 1312 XOR
12 6 1312 1299 1277 1268 541 1239 1299 63 1284 296 1253 539 1313 1300 1285 1269 1254 1240 MAND
2 1 1269 42 1270 XOR
2 1 1254 1252 1255 XOR
2 1 1255 41 1256 XOR
2 1 1238 1240 1653 XOR
2 1 1297 1313 1314 XOR
2 1 1311 1314 1315 XOR
1 1 1315 1316 INV
2 1 1314 45 1329 XOR
2 1 1300 44 1301 XOR
12 6 1329 1316 1294 1285 541 1256 1316 63 1301 296 1270 539 1330 1317 1302 1286 1271 1257 MAND
2 1 1255 1257 1654 XOR
2 1 1314 1330 1331 XOR
2 1 1331 46 1347 XOR
2 1 1286 43 1287 XOR
2 1 1317 45 1318 XOR
2 1 1271 1269 1272 XOR
2 1 1272 42 1273 XOR
2 1 1328 1331 1332 XOR
1 1 1332 1333 INV
12 6 1347 1333 1311 1302 541 1273 1333 63 1318 296 1287 539 1348 1334 1319 1303 1288 1274 MAND
2 1 1334 46 1335 XOR
2 1 1331 1348 1349 XOR
2 1 1349 47 1363 XOR
2 1 1288 1286 1289 XOR
2 1 1289 43 1290 XOR
2 1 1272 1274 1655 XOR
2 1 1346 1349 1350 XOR
1 1 1350 1351 INV
2 1 1303 44 1304 XOR
12 6 1363 1351 1328 1319 541 1290 1351 63 1335 296 1304 539 1364 1352 1336 1320 1305 1291 MAND
2 1 1349 1364 1365 XOR
2 1 1352 47 1353 XOR
2 1 1365 48 1379 XOR
2 1 1289 1291 1656 XOR
2 1 1305 1303 1306 XOR
2 1 1306 44 1307 XOR
2 1 1320 45 1321 XOR
2 1 1362 1365 1366 XOR
1 1 1366 1367 INV
12 6 1346 1336 541 1367 1307 1379 1353 296 1321 63 539 1367 1354 1337 1322 1368 1308 1380 MAND
2 1 1337 46 1338 XOR
2 1 1322 1320 1323 XOR
2 1 1323 45 1324 XOR
2 1 1368 48 1369 XOR
2 1 1306 1308 1657 XOR
2 1 1365 1380 1381 XOR
2 1 1378 1381 1382 XOR
1 1 1382 1383 INV
2 1 1381 49 1395 XOR
12 6 1354 541 1324 1395 1362 1383 296 1338 539 1383 1369 63 1355 1339 1325 1396 1370 1384 MAND
2 1 1339 1337 1340 XOR
2 1 1355 47 1356 XOR
2 1 1381 1396 1397 XOR
2 1 1397 50 1412 XOR
2 1 1394 1397 1398 XOR
2 1 1384 49 1385 XOR
2 1 1340 46 1341 XOR
2 1 1323 1325 1658 XOR
1 1 1398 1399 INV
12 6 1412 541 1341 1399 1370 1378 1399 1356 539 63 296 1385 1413 1357 1342 1400 1371 1386 MAND
2 1 1400 50 1401 XOR
2 1 1340 1342 1659 XOR
2 1 1371 48 1372 XOR
2 1 1397 1413 1414 XOR
2 1 1411 1414 1415 XOR
2 1 1357 1355 1358 XOR
2 1 1414 51 1426 XOR
1 1 1415 1416 INV
2 1 1358 47 1359 XOR
12 6 1359 1416 1394 1426 1386 541 539 63 1401 1416 296 1372 1360 1417 1402 1427 1387 1373 MAND
2 1 1387 49 1388 XOR
2 1 1417 51 1418 XOR
2 1 1414 1427 1428 XOR
2 1 1428 52 1444 XOR
2 1 1358 1360 1660 XOR
2 1 1373 1371 1374 XOR
2 1 1374 48 1375 XOR
2 1 1425 1428 1429 XOR
1 1 1429 1430 INV
12 6 1411 1402 1444 541 1430 1375 1418 296 1430 1388 63 539 1419 1403 1445 1389 1431 1376 MAND
2 1 1389 1387 1390 XOR
2 1 1390 49 1391 XOR
2 1 1374 1376 1661 XOR
2 1 1431 52 1432 XOR
2 1 1403 50 1404 XOR
2 1 1428 1445 1446 XOR
2 1 1443 1446 1447 XOR
1 1 1447 1448 INV
2 1 1446 53 1460 XOR
12 6 1419 1460 541 1448 1391 1425 296 1448 1404 63 539 1432 1420 1461 1405 1449 1392 1433 MAND
2 1 1433 63 1434 XOR
2 1 1390 1392 1662 XOR
2 1 1405 1403 1406 XOR
2 1 1449 53 1450 XOR
2 1 1406 50 1407 XOR
2 1 1420 51 1421 XOR
2 1 1446 1461 1462 XOR
2 1 1462 54 1476 XOR
2 1 1459 1462 1463 XOR
1 1 1463 1464 INV
12 6 1464 1407 541 295 1443 1476 63 539 1421 1434 1450 1464 1465 1408 1422 1435 1451 1477 MAND
2 1 1465 54 1466 XOR
2 1 1422 1420 1423 XOR
2 1 1406 1408 1663 XOR
2 1 1462 1477 1478 XOR
2 1 1478 55 1492 XOR
2 1 1433 1435 1436 XOR
2 1 1475 1478 1479 XOR
1 1 1479 1480 INV
2 1 1451 63 1452 XOR
2 1 1423 539 1664 XOR
2 1 1436 52 1437 XOR
10 5 1459 1492 295 1480 541 1466 1480 1452 63 1437 1467 1493 1453 1481 1438 MAND
2 1 1451 1453 1454 XOR
2 1 1481 55 1482 XOR
2 1 1436 1438 1439 XOR
2 1 1439 52 1440 XOR
2 1 1454 53 1455 XOR
2 1 1467 63 1468 XOR
2 1 1478 1493 1494 XOR
2 1 1494 56 1508 XOR
2 1 1491 1494 1495 XOR
1 1 1495 1496 INV
12 6 295 1496 541 1475 1508 1440 1468 63 1455 1482 1496 539 1469 1497 1456 1483 1509 1441 MAND
2 1 1497 56 1498 XOR
2 1 1454 1456 1457 XOR
2 1 1439 1441 1665 XOR
2 1 1483 63 1484 XOR
2 1 1467 1469 1470 XOR
2 1 1470 54 1471 XOR
2 1 1441 1457 1666 XOR
2 1 1494 1509 1510 XOR
2 1 1510 57 1524 XOR
2 1 1507 1510 1511 XOR
1 1 1511 1512 INV
10 5 1491 1524 541 1512 295 1498 1512 1471 63 1484 1499 1525 1472 1513 1485 MAND
2 1 1499 63 1500 XOR
2 1 1510 1525 1526 XOR
2 1 1483 1485 1486 XOR
2 1 1526 58 1540 XOR
2 1 1486 55 1487 XOR
2 1 1513 57 1514 XOR
2 1 1523 1526 1527 XOR
2 1 1470 1472 1473 XOR
2 1 1441 1473 1667 XOR
1 1 1527 1528 INV
10 5 1540 295 1528 1507 541 1528 1500 63 1514 1487 1541 1501 1529 1515 1488 MAND
2 1 1499 1501 1502 XOR
2 1 1526 1541 1542 XOR
2 1 1542 59 1556 XOR
2 1 1486 1488 1489 XOR
2 1 1441 1489 1668 XOR
2 1 1502 56 1503 XOR
2 1 1539 1542 1543 XOR
1 1 1543 1544 INV
2 1 1515 63 1516 XOR
2 1 1529 58 1530 XOR
10 5 1544 541 1523 1556 295 63 1503 1530 1544 1516 1545 1504 1531 1557 1517 MAND
2 1 1531 63 1532 XOR
2 1 1542 1557 1558 XOR
2 1 1558 60 1572 XOR
2 1 1555 1558 1559 XOR
1 1 1559 1560 INV
2 1 1502 1504 1505 XOR
2 1 1441 1505 1669 XOR
2 1 1515 1517 1518 XOR
2 1 1545 59 1546 XOR
2 1 1518 57 1519 XOR
10 5 1539 295 1572 1560 541 1546 1532 1560 63 1519 1547 1533 1573 1561 1520 MAND
2 1 1518 1520 1521 XOR
2 1 1558 1573 1574 XOR
2 1 1574 61 1588 XOR
2 1 1441 1521 1670 XOR
2 1 1571 1574 1575 XOR
1 1 1575 1576 INV
2 1 1547 63 1548 XOR
2 1 1561 60 1562 XOR
2 1 1531 1533 1534 XOR
2 1 1534 58 1535 XOR
10 5 295 1588 541 1576 1555 1548 1576 1535 63 1562 1549 1589 1536 1577 1563 MAND
2 1 1574 1589 1590 XOR
2 1 1547 1549 1550 XOR
2 1 1534 1536 1537 XOR
2 1 1577 61 1578 XOR
2 1 1563 63 1564 XOR
2 1 1590 1592 1593 XOR
2 1 1441 1537 1671 XOR
2 1 1550 59 1551 XOR
2 1 1590 62 1601 XOR
10 5 1601 1593 1571 295 541 1593 63 1578 1564 1551 1602 1594 1579 1565 1552 MAND
2 1 1550 1552 1553 XOR
2 1 1563 1565 1566 XOR
2 1 1566 60 1567 XOR
2 1 1579 63 1580 XOR
2 1 1441 1553 1672 XOR
2 1 1594 62 1595 XOR
2 1 1590 1602 1603 XOR
2 1 1606 1603 1607 XOR
10 5 1607 1603 1587 295 541 63 63 1595 1580 1567 1608 1604 1596 1581 1568 MAND
2 1 1566 1568 1569 XOR
2 1 1441 1569 1673 XOR
2 1 1579 1581 1582 XOR
2 1 1582 61 1583 XOR
6 3 295 1596 541 1604 296 1583 1605 1597 1584 MAND
2 1 1582 1584 1585 XOR
2 1 1597 62 1598 XOR
2 1 1441 1585 1674 XOR
2 1 1605 1608 1609 XOR
2 1 1609 63 1610 XOR
4 2 541 541 1610 1598 1611 1599 MAND
2 1 1609 1611 1612 XOR
2 1 1599 1597 1600 XOR
2 1 1441 1600 1675 XOR
2 1 1441 1612 1676 XOR


