70 191
1 64 
1 1 

1 1 63 65 INV
1 1 60 64 INV
1 1 62 67 INV
1 1 61 66 INV
1 1 51 71 INV
1 1 48 70 INV
1 1 50 73 INV
1 1 49 72 INV
1 1 28 156 INV
1 1 59 79 INV
1 1 56 78 INV
1 1 19 163 INV
1 1 58 81 INV
1 1 57 80 INV
1 1 31 157 INV
1 1 34 135 INV
1 1 55 85 INV
1 1 52 84 INV
1 1 21 178 INV
1 1 54 87 INV
1 1 53 86 INV
1 1 22 179 INV
1 1 40 140 INV
1 1 43 141 INV
1 1 18 165 INV
1 1 15 95 INV
1 1 12 94 INV
1 1 20 176 INV
1 1 14 97 INV
1 1 13 96 INV
1 1 23 177 INV
1 1 30 159 INV
1 1 3 101 INV
1 1 0 100 INV
1 1 37 148 INV
1 1 2 103 INV
1 1 1 102 INV
1 1 25 172 INV
1 1 38 149 INV
1 1 42 143 INV
1 1 11 109 INV
1 1 8 108 INV
1 1 26 173 INV
1 1 10 111 INV
1 1 9 110 INV
1 1 24 170 INV
1 1 29 158 INV
1 1 7 115 INV
1 1 4 114 INV
1 1 27 171 INV
1 1 6 117 INV
1 1 5 116 INV
1 1 16 162 INV
1 1 36 146 INV
1 1 33 134 INV
1 1 32 132 INV
1 1 35 133 INV
1 1 47 127 INV
1 1 44 126 INV
1 1 39 147 INV
1 1 46 129 INV
1 1 45 128 INV
1 1 17 164 INV
1 1 41 142 INV
64 32 65 67 71 73 79 81 85 179 87 95 177 97 101 103 173 109 111 171 115 117 127 129 165 133 135 163 141 143 147 159 149 157 64 66 70 72 78 80 84 178 86 94 176 96 100 102 172 108 110 170 114 116 126 128 164 132 134 162 140 142 146 158 148 156 69 68 75 74 83 82 89 180 88 99 181 98 105 104 174 113 112 175 119 118 131 130 166 137 136 167 145 144 151 160 150 161 MAND
32 16 69 75 181 83 89 99 151 175 105 113 119 167 131 145 161 137 68 74 180 82 88 98 150 174 104 112 118 166 130 144 160 136 77 76 182 91 90 107 152 183 106 121 120 168 139 153 169 138 MAND
16 8 77 183 153 91 107 139 169 121 76 182 152 90 106 138 168 120 93 184 154 92 123 155 185 122 MAND
8 4 185 155 93 123 184 154 92 122 186 187 125 124 MAND
4 2 187 125 186 124 188 189 MAND
2 1 189 188 190 AND


